"X235" "X7248" "X1596" "X30.8425531914894" "X6.79148936170213"
"1" 235 7248 1596 30.8425531914894 6.79148936170213
"2" 366 6937 1481 18.9535519125683 4.04644808743169
"3" 421 6689 1530 15.8883610451306 3.63420427553444
"4" 360 6810 1454 18.9166666666667 4.03888888888889
"5" 352 6883 1602 19.5539772727273 4.55113636363636
"6" 355 6811 1490 19.1859154929577 4.19718309859155
"7" 367 6755 1574 18.4059945504087 4.28882833787466
"8" 321 6362 1401 19.8193146417445 4.36448598130841
"9" 359 6789 1643 18.9108635097493 4.57660167130919
"10" 404 6950 1630 17.2029702970297 4.03465346534653
"11" 464 6846 1621 14.7543103448276 3.49353448275862
"12" 416 7254 1378 17.4375 3.3125
"13" 479 6370 1560 13.2985386221294 3.25678496868476
"14" 427 5932 1625 13.8922716627635 3.8056206088993
"15" 461 6160 1504 13.3622559652928 3.26247288503254
"16" 468 6140 1491 13.1196581196581 3.18589743589744
"17" 463 6222 1479 13.438444924406 3.19438444924406
"18" 523 6166 1425 11.7896749521989 2.72466539196941
"19" 396 6159 1447 15.5530303030303 3.6540404040404
"20" 416 6172 1496 14.8365384615385 3.59615384615385
"21" 457 6215 1446 13.5995623632385 3.16411378555799
"22" 478 6039 1567 12.6338912133891 3.27824267782427
"23" 447 6142 1511 13.7404921700224 3.38031319910515
"24" 420 6178 1499 14.7095238095238 3.56904761904762
"25" 417 6105 1390 14.6402877697842 3.33333333333333
"26" 448 6206 1367 13.8526785714286 3.05133928571429
"27" 434 6227 1574 14.3479262672811 3.62672811059908
"28" 452 6184 1546 13.6814159292035 3.42035398230089
"29" 488 6971 1508 14.2848360655738 3.09016393442623
"30" 631 6376 1515 10.1045958795563 2.40095087163233
"31" 512 6883 1515 13.443359375 2.958984375
"32" 628 6710 1589 10.6847133757962 2.53025477707006
"33" 473 6631 1450 14.0190274841438 3.06553911205074
"34" 595 6641 1498 11.1613445378151 2.51764705882353
"35" 488 6796 1538 13.9262295081967 3.15163934426229
"36" 503 6411 1675 12.7455268389662 3.33001988071571
"37" 644 6404 1474 9.94409937888199 2.2888198757764
"38" 507 6988 1793 13.7830374753452 3.53648915187377
"39" 545 6147 1549 11.2788990825688 2.84220183486239
"40" 235 7248 1596 30.8425531914894 6.79148936170213
"41" 761 6160 1561 8.0946123521682 2.05124835742444
"42" 456 6935 1554 15.2083333333333 3.40789473684211
"43" 382 6577 1464 17.217277486911 3.83246073298429
"44" 695 6691 1314 9.6273381294964 1.89064748201439
"45" 530 6803 1655 12.8358490566038 3.12264150943396
"46" 461 6377 1548 13.8329718004338 3.35791757049892
"47" 504 6466 1394 12.8293650793651 2.76587301587302
"48" 729 6068 1589 8.32373113854595 2.17969821673525
"49" 478 6750 1498 14.1213389121339 3.13389121338912
"50" 516 6011 1259 11.6492248062016 2.43992248062015
"51" 517 6578 1340 12.7234042553191 2.59187620889749
"52" 464 6428 1583 13.8534482758621 3.41163793103448
"53" 426 6357 1587 14.9225352112676 3.72535211267606
"54" 455 6592 1559 14.4879120879121 3.42637362637363
"55" 438 6587 1641 15.0388127853881 3.74657534246575
"56" 457 6526 1514 14.2800875273523 3.3129102844639
"57" 359 7157 1431 19.9359331476323 3.98607242339833
"58" 468 6372 1294 13.6153846153846 2.76495726495726
"59" 409 6761 1629 16.5305623471883 3.98288508557457
"60" 638 6591 1190 10.3307210031348 1.86520376175549
"61" 514 6607 1515 12.8540856031128 2.94747081712062
"62" 468 7054 1478 15.0726495726496 3.15811965811966
"63" 631 6826 1506 10.8177496038035 2.38668779714739
"64" 432 7016 1486 16.2407407407407 3.43981481481481
"65" 432 7000 1513 16.2037037037037 3.50231481481481
"66" 455 6867 1499 15.0923076923077 3.29450549450549
"67" 428 7131 1583 16.661214953271 3.69859813084112
"68" 291 6065 1619 20.8419243986254 5.56357388316151
"69" 326 6860 1575 21.0429447852761 4.83128834355828
"70" 364 7160 1543 19.6703296703297 4.23901098901099
"71" 376 7051 1526 18.7526595744681 4.05851063829787
"72" 343 6981 1647 20.3527696793003 4.80174927113703
"73" 319 7130 1586 22.3510971786834 4.9717868338558
"74" 257 6974 1634 27.136186770428 6.3579766536965
"75" 334 7259 1883 21.7335329341317 5.6377245508982
"76" 383 7106 1738 18.5535248041775 4.5378590078329
"77" 512 7004 1844 13.6796875 3.6015625
"78" 412 6786 1612 16.4708737864078 3.9126213592233
"79" 382 7344 1801 19.2251308900524 4.71465968586387
"80" 357 7296 1830 20.436974789916 5.12605042016807
"81" 393 7341 1967 18.6793893129771 5.00508905852417
"82" 194 7229 1450 37.2628865979381 7.47422680412371
"83" 518 6934 1731 13.3861003861004 3.34169884169884
"84" 348 7154 1506 20.5574712643678 4.32758620689655
"85" 257 7356 1461 28.6225680933852 5.68482490272374
"86" 307 7423 1621 24.1791530944625 5.28013029315961
"87" 281 7417 1402 26.3950177935943 4.98932384341637
"88" 376 7357 1492 19.5664893617021 3.96808510638298
"89" 406 7323 1446 18.0369458128079 3.5615763546798
"90" 328 6926 1351 21.1158536585366 4.11890243902439
"91" 336 7414 1470 22.0654761904762 4.375
"92" 320 7451 1473 23.284375 4.603125
"93" 309 7383 1484 23.8932038834951 4.80258899676375
"94" 336 7433 1459 22.1220238095238 4.34226190476191
"95" 320 7274 1452 22.73125 4.5375
"96" 478 7273 1583 15.2154811715481 3.31171548117155
"97" 445 6767 1633 15.2067415730337 3.66966292134831
"98" 461 6998 1607 15.1800433839479 3.48590021691974
"99" 319 7319 1441 22.9435736677116 4.51724137931035
"100" 344 6723 1763 19.5436046511628 5.125
"101" 436 7042 1918 16.151376146789 4.39908256880734
"102" 357 6538 1737 18.3137254901961 4.86554621848739
"103" 279 6583 1682 23.594982078853 6.02867383512545
"104" 384 6510 1700 16.953125 4.42708333333333
"105" 437 6612 1656 15.1304347826087 3.78947368421053
