"X9" "X375" "X103" "X41.6666666666667" "X11.4444444444444"
"1" 9 375 103 41.6666666666667 11.4444444444444
"2" 18 354 66 19.6666666666667 3.66666666666667
"3" 15 364 67 24.2666666666667 4.46666666666667
"4" 9 369 85 41 9.44444444444444
"5" 18 359 81 19.9444444444444 4.5
"6" 14 368 76 26.2857142857143 5.42857142857143
"7" 17 355 89 20.8823529411765 5.23529411764706
"8" 12 368 74 30.6666666666667 6.16666666666667
"9" 10 375 78 37.5 7.8
"10" 11 354 77 32.1818181818182 7
"11" 10 359 70 35.9 7
"12" 15 368 73 24.5333333333333 4.86666666666667
"13" 9 368 94 40.8888888888889 10.4444444444444
"14" 10 361 82 36.1 8.2
"15" 8 366 79 45.75 9.875
"16" 11 349 68 31.7272727272727 6.18181818181818
"17" 15 363 78 24.2 5.2
"18" 11 375 91 34.0909090909091 8.27272727272727
"19" 12 366 81 30.5 6.75
"20" 19 351 83 18.4736842105263 4.36842105263158
"21" 18 322 72 17.8888888888889 4
"22" 21 353 88 16.8095238095238 4.19047619047619
"23" 20 344 73 17.2 3.65
"24" 20 365 69 18.25 3.45
"25" 18 348 71 19.3333333333333 3.94444444444444
"26" 18 358 69 19.8888888888889 3.83333333333333
"27" 23 339 57 14.7391304347826 2.47826086956522
"28" 20 352 71 17.6 3.55
"29" 27 326 70 12.0740740740741 2.59259259259259
"30" 15 366 77 24.4 5.13333333333333
"31" 16 350 68 21.875 4.25
"32" 20 348 77 17.4 3.85
"33" 22 345 75 15.6818181818182 3.40909090909091
"34" 15 354 55 23.6 3.66666666666667
"35" 19 350 67 18.4210526315789 3.52631578947368
"36" 11 364 84 33.0909090909091 7.63636363636364
"37" 26 345 84 13.2692307692308 3.23076923076923
"38" 17 344 100 20.2352941176471 5.88235294117647
"39" 16 341 69 21.3125 4.3125
"40" 20 342 83 17.1 4.15
"41" 25 316 83 12.64 3.32
"42" 18 347 65 19.2777777777778 3.61111111111111
"43" 16 343 75 21.4375 4.6875
"44" 19 344 93 18.1052631578947 4.89473684210526
"45" 17 341 85 20.0588235294118 5
"46" 18 341 73 18.9444444444444 4.05555555555556
"47" 28 319 77 11.3928571428571 2.75
"48" 17 364 77 21.4117647058824 4.52941176470588
"49" 28 322 90 11.5 3.21428571428571
"50" 26 328 77 12.6153846153846 2.96153846153846
"51" 17 339 79 19.9411764705882 4.64705882352941
"52" 25 331 70 13.24 2.8
"53" 26 328 73 12.6153846153846 2.80769230769231
"54" 19 334 83 17.5789473684211 4.36842105263158
"55" 22 346 72 15.7272727272727 3.27272727272727
"56" 23 328 68 14.2608695652174 2.95652173913043
"57" 27 323 67 11.962962962963 2.48148148148148
"58" 26 331 74 12.7307692307692 2.84615384615385
"59" 22 331 68 15.0454545454545 3.09090909090909
"60" 18 352 80 19.5555555555556 4.44444444444444
"61" 19 324 85 17.0526315789474 4.47368421052632
"62" 23 327 63 14.2173913043478 2.73913043478261
"63" 21 337 59 16.047619047619 2.80952380952381
"64" 19 344 68 18.1052631578947 3.57894736842105
"65" 24 325 58 13.5416666666667 2.41666666666667
"66" 19 344 61 18.1052631578947 3.21052631578947
"67" 20 335 62 16.75 3.1
"68" 21 349 89 16.6190476190476 4.23809523809524
"69" 13 360 73 27.6923076923077 5.61538461538461
"70" 13 355 89 27.3076923076923 6.84615384615385
"71" 15 342 81 22.8 5.4
"72" 26 324 82 12.4615384615385 3.15384615384615
"73" 14 337 65 24.0714285714286 4.64285714285714
"74" 20 344 71 17.2 3.55
"75" 15 360 68 24 4.53333333333333
"76" 17 340 67 20 3.94117647058824
"77" 21 338 76 16.0952380952381 3.61904761904762
"78" 22 337 67 15.3181818181818 3.04545454545455
"79" 18 348 78 19.3333333333333 4.33333333333333
"80" 15 359 90 23.9333333333333 6
"81" 7 280 92 40 13.1428571428571
"82" 15 354 62 23.6 4.13333333333333
"83" 20 353 66 17.65 3.3
"84" 16 351 85 21.9375 5.3125
"85" 20 352 80 17.6 4
"86" 15 359 94 23.9333333333333 6.26666666666667
"87" 18 356 89 19.7777777777778 4.94444444444444
"88" 18 354 74 19.6666666666667 4.11111111111111
"89" 23 342 80 14.8695652173913 3.47826086956522
"90" 21 326 79 15.5238095238095 3.76190476190476
"91" 13 347 93 26.6923076923077 7.15384615384615
"92" 22 339 65 15.4090909090909 2.95454545454545
"93" 22 358 81 16.2727272727273 3.68181818181818
"94" 19 347 78 18.2631578947368 4.10526315789474
"95" 19 336 75 17.6842105263158 3.94736842105263
"96" 32 329 67 10.28125 2.09375
"97" 17 352 76 20.7058823529412 4.47058823529412
"98" 14 362 79 25.8571428571429 5.64285714285714
"99" 15 362 96 24.1333333333333 6.4
"100" 21 343 90 16.3333333333333 4.28571428571429
"101" 5 240 99 48 19.8
"102" 18 363 74 20.1666666666667 4.11111111111111
"103" 14 359 74 25.6428571428571 5.28571428571429
"104" 27 331 67 12.2592592592593 2.48148148148148
"105" 14 363 84 25.9285714285714 6
"106" 21 343 64 16.3333333333333 3.04761904761905
"107" 27 332 72 12.2962962962963 2.66666666666667
"108" 19 356 69 18.7368421052632 3.63157894736842
"109" 23 337 59 14.6521739130435 2.56521739130435
"110" 24 335 73 13.9583333333333 3.04166666666667
"111" 16 350 82 21.875 5.125
"112" 21 345 71 16.4285714285714 3.38095238095238
"113" 16 349 70 21.8125 4.375
"114" 27 322 84 11.9259259259259 3.11111111111111
"115" 18 356 76 19.7777777777778 4.22222222222222
"116" 14 352 70 25.1428571428571 5
"117" 20 341 79 17.05 3.95
"118" 15 343 79 22.8666666666667 5.26666666666667
"119" 15 355 72 23.6666666666667 4.8
"120" 14 358 71 25.5714285714286 5.07142857142857
"121" 15 285 84 19 5.6
"122" 15 351 76 23.4 5.06666666666667
"123" 22 346 65 15.7272727272727 2.95454545454545
"124" 14 362 102 25.8571428571429 7.28571428571429
"125" 24 322 87 13.4166666666667 3.625
"126" 20 348 70 17.4 3.5
"127" 28 332 72 11.8571428571429 2.57142857142857
"128" 15 350 95 23.3333333333333 6.33333333333333
"129" 18 348 71 19.3333333333333 3.94444444444444
"130" 21 327 66 15.5714285714286 3.14285714285714
"131" 17 342 83 20.1176470588235 4.88235294117647
"132" 22 336 79 15.2727272727273 3.59090909090909
"133" 16 354 75 22.125 4.6875
"134" 24 332 79 13.8333333333333 3.29166666666667
"135" 21 341 72 16.2380952380952 3.42857142857143
"136" 20 343 73 17.15 3.65
"137" 22 327 82 14.8636363636364 3.72727272727273
"138" 19 338 71 17.7894736842105 3.73684210526316
"139" 11 354 101 32.1818181818182 9.18181818181818
"140" 14 336 75 24 5.35714285714286
"141" 4 195 51 48.75 12.75
"142" 17 321 67 18.8823529411765 3.94117647058824
"143" 22 330 63 15 2.86363636363636
"144" 16 291 70 18.1875 4.375
"145" 19 321 68 16.8947368421053 3.57894736842105
"146" 23 342 66 14.8695652173913 2.8695652173913
"147" 15 351 94 23.4 6.26666666666667
"148" 23 349 59 15.1739130434783 2.56521739130435
"149" 21 282 57 13.4285714285714 2.71428571428571
"150" 11 307 80 27.9090909090909 7.27272727272727
"151" 11 354 77 32.1818181818182 7
"152" 14 339 67 24.2142857142857 4.78571428571429
"153" 19 351 75 18.4736842105263 3.94736842105263
"154" 15 290 71 19.3333333333333 4.73333333333333
"155" 19 331 68 17.4210526315789 3.57894736842105
"156" 15 323 73 21.5333333333333 4.86666666666667
"157" 15 294 71 19.6 4.73333333333333
"158" 19 348 74 18.3157894736842 3.89473684210526
"159" 15 347 75 23.1333333333333 5
"160" 18 315 74 17.5 4.11111111111111
"161" 2 201 106 100.5 53
"162" 9 359 81 39.8888888888889 9
"163" 11 360 91 32.7272727272727 8.27272727272727
"164" 17 357 86 21 5.05882352941176
"165" 25 351 87 14.04 3.48
"166" 26 347 71 13.3461538461538 2.73076923076923
"167" 16 362 70 22.625 4.375
"168" 24 347 66 14.4583333333333 2.75
"169" 16 345 99 21.5625 6.1875
"170" 22 346 82 15.7272727272727 3.72727272727273
"171" 13 365 103 28.0769230769231 7.92307692307692
"172" 22 345 80 15.6818181818182 3.63636363636364
"173" 24 354 76 14.75 3.16666666666667
"174" 12 299 94 24.9166666666667 7.83333333333333
"175" 30 345 74 11.5 2.46666666666667
"176" 19 349 97 18.3684210526316 5.10526315789474
"177" 22 353 88 16.0454545454545 4
"178" 19 354 75 18.6315789473684 3.94736842105263
"179" 23 345 59 15 2.56521739130435
"180" 22 324 57 14.7272727272727 2.59090909090909
"181" 39 246 142 6.30769230769231 3.64102564102564
"182" 21 361 94 17.1904761904762 4.47619047619048
"183" 11 331 90 30.0909090909091 8.18181818181818
"184" 26 357 71 13.7307692307692 2.73076923076923
"185" 18 357 86 19.8333333333333 4.77777777777778
"186" 23 336 101 14.6086956521739 4.39130434782609
"187" 17 363 76 21.3529411764706 4.47058823529412
"188" 21 363 76 17.2857142857143 3.61904761904762
"189" 25 358 59 14.32 2.36
"190" 24 358 82 14.9166666666667 3.41666666666667
"191" 14 342 79 24.4285714285714 5.64285714285714
"192" 18 352 85 19.5555555555556 4.72222222222222
"193" 12 364 79 30.3333333333333 6.58333333333333
"194" 29 360 65 12.4137931034483 2.24137931034483
"195" 20 349 84 17.45 4.2
"196" 30 356 64 11.8666666666667 2.13333333333333
"197" 18 321 82 17.8333333333333 4.55555555555556
"198" 20 363 68 18.15 3.4
"199" 12 366 70 30.5 5.83333333333333
"200" 23 366 76 15.9130434782609 3.30434782608696
"201" 14 375 88 26.7857142857143 6.28571428571429
"202" 26 320 68 12.3076923076923 2.61538461538462
"203" 19 327 67 17.2105263157895 3.52631578947368
"204" 34 347 81 10.2058823529412 2.38235294117647
"205" 31 349 73 11.258064516129 2.35483870967742
"206" 25 354 79 14.16 3.16
"207" 21 360 86 17.1428571428571 4.09523809523809
"208" 20 368 97 18.4 4.85
"209" 25 328 74 13.12 2.96
"210" 26 329 90 12.6538461538462 3.46153846153846
"211" 24 357 83 14.875 3.45833333333333
"212" 22 366 91 16.6363636363636 4.13636363636364
"213" 11 331 97 30.0909090909091 8.81818181818182
"214" 26 345 67 13.2692307692308 2.57692307692308
"215" 22 329 76 14.9545454545455 3.45454545454545
"216" 24 321 81 13.375 3.375
"217" 26 316 93 12.1538461538462 3.57692307692308
"218" 30 323 72 10.7666666666667 2.4
"219" 30 363 82 12.1 2.73333333333333
"220" 24 357 80 14.875 3.33333333333333
"221" 16 357 67 22.3125 4.1875
"222" 17 363 69 21.3529411764706 4.05882352941176
"223" 21 372 58 17.7142857142857 2.76190476190476
"224" 26 362 63 13.9230769230769 2.42307692307692
"225" 21 362 64 17.2380952380952 3.04761904761905
"226" 16 367 68 22.9375 4.25
"227" 22 373 71 16.9545454545455 3.22727272727273
"228" 17 363 65 21.3529411764706 3.82352941176471
"229" 19 364 65 19.1578947368421 3.42105263157895
"230" 22 364 62 16.5454545454545 2.81818181818182
"231" 24 368 78 15.3333333333333 3.25
"232" 22 354 82 16.0909090909091 3.72727272727273
"233" 24 362 71 15.0833333333333 2.95833333333333
"234" 19 348 63 18.3157894736842 3.31578947368421
"235" 22 371 71 16.8636363636364 3.22727272727273
"236" 23 366 84 15.9130434782609 3.65217391304348
"237" 26 373 70 14.3461538461538 2.69230769230769
"238" 27 362 73 13.4074074074074 2.7037037037037
"239" 27 361 74 13.3703703703704 2.74074074074074
"240" 22 361 61 16.4090909090909 2.77272727272727
"241" 11 173 103 15.7272727272727 9.36363636363636
"242" 19 312 67 16.4210526315789 3.52631578947368
"243" 15 321 71 21.4 4.73333333333333
"244" 24 318 64 13.25 2.66666666666667
"245" 20 347 107 17.35 5.35
"246" 28 330 65 11.7857142857143 2.32142857142857
"247" 23 311 73 13.5217391304348 3.17391304347826
"248" 24 332 72 13.8333333333333 3
"249" 30 323 78 10.7666666666667 2.6
"250" 50 334 75 6.68 1.5
"251" 44 355 80 8.06818181818182 1.81818181818182
"252" 24 323 78 13.4583333333333 3.25
"253" 21 315 76 15 3.61904761904762
"254" 20 358 86 17.9 4.3
"255" 27 318 59 11.7777777777778 2.18518518518519
"256" 23 323 80 14.0434782608696 3.47826086956522
"257" 19 325 78 17.1052631578947 4.10526315789474
"258" 26 326 90 12.5384615384615 3.46153846153846
"259" 23 324 92 14.0869565217391 4
"260" 23 321 67 13.9565217391304 2.91304347826087
"261" 8 189 105 23.625 13.125
"262" 16 344 91 21.5 5.6875
"263" 24 315 69 13.125 2.875
"264" 30 319 70 10.6333333333333 2.33333333333333
"265" 19 289 76 15.2105263157895 4
"266" 16 261 65 16.3125 4.0625
"267" 17 324 86 19.0588235294118 5.05882352941176
"268" 27 314 78 11.6296296296296 2.88888888888889
"269" 28 308 65 11 2.32142857142857
"270" 20 363 101 18.15 5.05
"271" 20 319 83 15.95 4.15
"272" 30 310 74 10.3333333333333 2.46666666666667
"273" 30 311 76 10.3666666666667 2.53333333333333
"274" 27 319 54 11.8148148148148 2
"275" 21 312 83 14.8571428571429 3.95238095238095
"276" 16 251 103 15.6875 6.4375
"277" 21 267 70 12.7142857142857 3.33333333333333
"278" 20 317 96 15.85 4.8
"279" 23 221 101 9.60869565217391 4.39130434782609
"280" 29 298 79 10.2758620689655 2.72413793103448
"281" 10 173 87 17.3 8.7
"282" 25 319 67 12.76 2.68
"283" 20 333 101 16.65 5.05
"284" 24 319 123 13.2916666666667 5.125
"285" 34 332 71 9.76470588235294 2.08823529411765
"286" 41 300 55 7.31707317073171 1.34146341463415
"287" 26 324 76 12.4615384615385 2.92307692307692
"288" 31 317 70 10.2258064516129 2.25806451612903
"289" 31 323 70 10.4193548387097 2.25806451612903
"290" 33 280 80 8.48484848484848 2.42424242424242
"291" 23 323 72 14.0434782608696 3.1304347826087
"292" 23 333 77 14.4782608695652 3.34782608695652
"293" 27 316 74 11.7037037037037 2.74074074074074
"294" 20 318 69 15.9 3.45
"295" 17 295 56 17.3529411764706 3.29411764705882
"296" 20 302 76 15.1 3.8
"297" 14 320 64 22.8571428571429 4.57142857142857
"298" 18 322 80 17.8888888888889 4.44444444444444
"299" 18 309 74 17.1666666666667 4.11111111111111
"300" 23 321 65 13.9565217391304 2.82608695652174
"301" 5 126 70 25.2 14
"302" 18 381 73 21.1666666666667 4.05555555555556
"303" 17 324 83 19.0588235294118 4.88235294117647
"304" 16 301 93 18.8125 5.8125
"305" 14 312 80 22.2857142857143 5.71428571428571
"306" 14 305 69 21.7857142857143 4.92857142857143
"307" 20 298 85 14.9 4.25
"308" 25 325 72 13 2.88
"309" 26 344 98 13.2307692307692 3.76923076923077
"310" 38 312 76 8.21052631578947 2
"311" 34 317 59 9.32352941176471 1.73529411764706
"312" 26 323 82 12.4230769230769 3.15384615384615
"313" 33 294 68 8.90909090909091 2.06060606060606
"314" 29 308 72 10.6206896551724 2.48275862068966
"315" 53 288 59 5.43396226415094 1.11320754716981
"316" 40 306 67 7.65 1.675
"317" 13 328 75 25.2307692307692 5.76923076923077
"318" 23 325 80 14.1304347826087 3.47826086956522
"319" 20 316 53 15.8 2.65
"320" 19 326 81 17.1578947368421 4.26315789473684
"321" 12 179 112 14.9166666666667 9.33333333333333
"322" 18 327 69 18.1666666666667 3.83333333333333
"323" 24 330 63 13.75 2.625
"324" 24 274 55 11.4166666666667 2.29166666666667
"325" 26 317 70 12.1923076923077 2.69230769230769
"326" 27 278 60 10.2962962962963 2.22222222222222
"327" 27 325 63 12.037037037037 2.33333333333333
"328" 24 331 77 13.7916666666667 3.20833333333333
"329" 40 340 67 8.5 1.675
"330" 25 311 66 12.44 2.64
"331" 23 316 72 13.7391304347826 3.1304347826087
"332" 41 341 80 8.31707317073171 1.95121951219512
"333" 16 316 79 19.75 4.9375
"334" 21 321 83 15.2857142857143 3.95238095238095
"335" 24 326 72 13.5833333333333 3
"336" 24 315 83 13.125 3.45833333333333
"337" 18 320 83 17.7777777777778 4.61111111111111
"338" 26 323 82 12.4230769230769 3.15384615384615
"339" 18 326 83 18.1111111111111 4.61111111111111
"340" 23 325 62 14.1304347826087 2.69565217391304
"341" 6 147 81 24.5 13.5
"342" 37 300 74 8.10810810810811 2
"343" 19 321 79 16.8947368421053 4.15789473684211
"344" 23 322 55 14 2.39130434782609
"345" 22 282 67 12.8181818181818 3.04545454545455
"346" 31 315 76 10.1612903225806 2.45161290322581
"347" 34 322 49 9.47058823529412 1.44117647058824
"348" 19 353 90 18.5789473684211 4.73684210526316
"349" 23 335 78 14.5652173913043 3.39130434782609
"350" 44 290 70 6.59090909090909 1.59090909090909
"351" 33 343 83 10.3939393939394 2.51515151515152
"352" 45 321 71 7.13333333333333 1.57777777777778
"353" 22 311 59 14.1363636363636 2.68181818181818
"354" 27 313 78 11.5925925925926 2.88888888888889
"355" 35 301 64 8.6 1.82857142857143
"356" 22 329 73 14.9545454545455 3.31818181818182
"357" 27 331 73 12.2592592592593 2.7037037037037
"358" 25 315 61 12.6 2.44
"359" 24 325 68 13.5416666666667 2.83333333333333
"360" 23 309 75 13.4347826086957 3.26086956521739
"361" 10 139 84 13.9 8.4
"362" 20 326 63 16.3 3.15
"363" 16 273 67 17.0625 4.1875
"364" 14 329 80 23.5 5.71428571428571
"365" 15 332 61 22.1333333333333 4.06666666666667
"366" 17 323 75 19 4.41176470588235
"367" 18 329 76 18.2777777777778 4.22222222222222
"368" 20 307 67 15.35 3.35
"369" 27 300 72 11.1111111111111 2.66666666666667
"370" 32 343 82 10.71875 2.5625
"371" 22 327 80 14.8636363636364 3.63636363636364
"372" 19 320 73 16.8421052631579 3.84210526315789
"373" 19 335 61 17.6315789473684 3.21052631578947
"374" 25 325 69 13 2.76
"375" 26 320 79 12.3076923076923 3.03846153846154
"376" 21 320 78 15.2380952380952 3.71428571428571
"377" 20 332 81 16.6 4.05
"378" 20 288 57 14.4 2.85
"379" 19 290 73 15.2631578947368 3.84210526315789
"380" 32 320 67 10 2.09375
"381" 9 172 96 19.1111111111111 10.6666666666667
"382" 27 327 89 12.1111111111111 3.2962962962963
"383" 15 326 81 21.7333333333333 5.4
"384" 22 322 69 14.6363636363636 3.13636363636364
"385" 21 339 96 16.1428571428571 4.57142857142857
"386" 28 319 75 11.3928571428571 2.67857142857143
"387" 20 336 84 16.8 4.2
"388" 19 292 58 15.3684210526316 3.05263157894737
"389" 20 327 81 16.35 4.05
"390" 12 318 87 26.5 7.25
"391" 15 326 72 21.7333333333333 4.8
"392" 22 312 49 14.1818181818182 2.22727272727273
"393" 16 321 77 20.0625 4.8125
"394" 27 321 71 11.8888888888889 2.62962962962963
"395" 28 316 73 11.2857142857143 2.60714285714286
"396" 25 280 67 11.2 2.68
"397" 32 331 64 10.34375 2
"398" 22 302 59 13.7272727272727 2.68181818181818
"399" 26 306 64 11.7692307692308 2.46153846153846
"400" 22 298 82 13.5454545454545 3.72727272727273
"401" 9 162 93 18 10.3333333333333
"402" 34 312 78 9.17647058823529 2.29411764705882
"403" 16 357 82 22.3125 5.125
"404" 30 334 68 11.1333333333333 2.26666666666667
"405" 31 319 73 10.2903225806452 2.35483870967742
"406" 38 276 76 7.26315789473684 2
"407" 28 326 66 11.6428571428571 2.35714285714286
"408" 22 353 89 16.0454545454545 4.04545454545455
"409" 34 356 65 10.4705882352941 1.91176470588235
"410" 21 291 50 13.8571428571429 2.38095238095238
"411" 20 286 65 14.3 3.25
"412" 22 307 62 13.9545454545455 2.81818181818182
"413" 30 310 68 10.3333333333333 2.26666666666667
"414" 34 323 68 9.5 2
"415" 20 309 58 15.45 2.9
"416" 17 320 58 18.8235294117647 3.41176470588235
"417" 18 330 70 18.3333333333333 3.88888888888889
"418" 11 338 87 30.7272727272727 7.90909090909091
"419" 20 319 88 15.95 4.4
"420" 19 306 80 16.1052631578947 4.21052631578947
"421" 11 139 82 12.6363636363636 7.45454545454545
"422" 21 335 81 15.952380952381 3.85714285714286
"423" 24 313 79 13.0416666666667 3.29166666666667
"424" 22 286 67 13 3.04545454545455
"425" 34 355 91 10.4411764705882 2.67647058823529
"426" 17 331 89 19.4705882352941 5.23529411764706
"427" 23 312 94 13.5652173913043 4.08695652173913
"428" 25 323 74 12.92 2.96
"429" 21 327 85 15.5714285714286 4.04761904761905
"430" 34 298 71 8.76470588235294 2.08823529411765
"431" 17 306 93 18 5.47058823529412
"432" 33 269 72 8.15151515151515 2.18181818181818
"433" 30 314 82 10.4666666666667 2.73333333333333
"434" 27 310 74 11.4814814814815 2.74074074074074
"435" 38 302 69 7.94736842105263 1.81578947368421
"436" 32 337 93 10.53125 2.90625
"437" 33 302 58 9.15151515151515 1.75757575757576
"438" 18 329 62 18.2777777777778 3.44444444444444
"439" 20 332 74 16.6 3.7
"440" 16 238 76 14.875 4.75
"441" 8 149 80 18.625 10
"442" 25 323 86 12.92 3.44
"443" 25 330 73 13.2 2.92
"444" 29 313 71 10.7931034482759 2.44827586206897
"445" 26 320 62 12.3076923076923 2.38461538461538
"446" 18 329 88 18.2777777777778 4.88888888888889
"447" 19 335 77 17.6315789473684 4.05263157894737
"448" 15 319 68 21.2666666666667 4.53333333333333
"449" 30 278 55 9.26666666666667 1.83333333333333
"450" 15 355 101 23.6666666666667 6.73333333333333
"451" 20 321 54 16.05 2.7
"452" 20 335 65 16.75 3.25
"453" 26 332 99 12.7692307692308 3.80769230769231
"454" 22 294 77 13.3636363636364 3.5
"455" 38 292 78 7.68421052631579 2.05263157894737
"456" 32 327 76 10.21875 2.375
"457" 19 324 75 17.0526315789474 3.94736842105263
"458" 27 319 69 11.8148148148148 2.55555555555556
"459" 30 324 79 10.8 2.63333333333333
"460" 19 242 81 12.7368421052632 4.26315789473684
"461" 11 143 73 13 6.63636363636364
"462" 21 317 75 15.0952380952381 3.57142857142857
"463" 26 324 72 12.4615384615385 2.76923076923077
"464" 17 320 76 18.8235294117647 4.47058823529412
"465" 21 322 88 15.3333333333333 4.19047619047619
"466" 24 316 74 13.1666666666667 3.08333333333333
"467" 19 328 75 17.2631578947368 3.94736842105263
"468" 22 312 65 14.1818181818182 2.95454545454545
"469" 28 317 90 11.3214285714286 3.21428571428571
"470" 20 335 79 16.75 3.95
"471" 34 311 86 9.14705882352941 2.52941176470588
"472" 38 336 72 8.8421052631579 1.89473684210526
"473" 19 327 77 17.2105263157895 4.05263157894737
"474" 17 280 72 16.4705882352941 4.23529411764706
"475" 22 310 72 14.0909090909091 3.27272727272727
"476" 23 310 63 13.4782608695652 2.73913043478261
"477" 16 334 79 20.875 4.9375
"478" 22 327 85 14.8636363636364 3.86363636363636
"479" 13 322 75 24.7692307692308 5.76923076923077
"480" 23 306 56 13.304347826087 2.43478260869565
"481" 5 134 75 26.8 15
"482" 15 288 52 19.2 3.46666666666667
"483" 29 316 59 10.8965517241379 2.03448275862069
"484" 26 304 69 11.6923076923077 2.65384615384615
"485" 16 300 61 18.75 3.8125
"486" 12 314 68 26.1666666666667 5.66666666666667
"487" 17 327 83 19.2352941176471 4.88235294117647
"488" 20 291 64 14.55 3.2
"489" 27 331 69 12.2592592592593 2.55555555555556
"490" 24 337 80 14.0416666666667 3.33333333333333
"491" 32 308 67 9.625 2.09375
"492" 30 335 59 11.1666666666667 1.96666666666667
"493" 28 278 62 9.92857142857143 2.21428571428571
"494" 23 332 82 14.4347826086957 3.56521739130435
"495" 23 318 78 13.8260869565217 3.39130434782609
"496" 25 331 88 13.24 3.52
"497" 20 322 65 16.1 3.25
"498" 17 318 46 18.7058823529412 2.70588235294118
"499" 16 289 64 18.0625 4
"500" 25 351 101 14.04 4.04
"501" 8 142 71 17.75 8.875
"502" 22 325 80 14.7727272727273 3.63636363636364
"503" 16 289 70 18.0625 4.375
"504" 20 317 78 15.85 3.9
"505" 36 342 54 9.5 1.5
"506" 21 321 74 15.2857142857143 3.52380952380952
"507" 25 328 88 13.12 3.52
"508" 20 333 66 16.65 3.3
"509" 18 319 60 17.7222222222222 3.33333333333333
"510" 14 327 71 23.3571428571429 5.07142857142857
"511" 26 323 66 12.4230769230769 2.53846153846154
"512" 35 363 72 10.3714285714286 2.05714285714286
"513" 23 319 66 13.8695652173913 2.8695652173913
"514" 31 339 76 10.9354838709677 2.45161290322581
"515" 34 320 68 9.41176470588235 2
"516" 37 307 56 8.2972972972973 1.51351351351351
"517" 28 318 74 11.3571428571429 2.64285714285714
"518" 19 320 69 16.8421052631579 3.63157894736842
"519" 14 324 72 23.1428571428571 5.14285714285714
"520" 17 249 39 14.6470588235294 2.29411764705882
"521" 9 139 78 15.4444444444444 8.66666666666667
"522" 27 356 70 13.1851851851852 2.59259259259259
"523" 17 321 76 18.8823529411765 4.47058823529412
"524" 20 331 83 16.55 4.15
"525" 21 319 69 15.1904761904762 3.28571428571429
"526" 25 321 78 12.84 3.12
"527" 21 359 73 17.0952380952381 3.47619047619048
"528" 17 340 110 20 6.47058823529412
"529" 19 335 98 17.6315789473684 5.15789473684211
"530" 22 329 81 14.9545454545455 3.68181818181818
"531" 25 346 76 13.84 3.04
"532" 28 329 76 11.75 2.71428571428571
"533" 29 310 62 10.6896551724138 2.13793103448276
"534" 30 330 89 11 2.96666666666667
"535" 17 335 82 19.7058823529412 4.82352941176471
"536" 21 325 79 15.4761904761905 3.76190476190476
"537" 39 328 77 8.41025641025641 1.97435897435897
"538" 32 324 77 10.125 2.40625
"539" 15 244 70 16.2666666666667 4.66666666666667
"540" 15 225 67 15 4.46666666666667
"541" 31 310 83 10 2.67741935483871
"542" 29 295 76 10.1724137931034 2.62068965517241
"543" 32 323 80 10.09375 2.5
"544" 28 295 68 10.5357142857143 2.42857142857143
"545" 27 303 73 11.2222222222222 2.7037037037037
"546" 24 310 73 12.9166666666667 3.04166666666667
"547" 20 349 84 17.45 4.2
"548" 21 315 79 15 3.76190476190476
"549" 18 302 69 16.7777777777778 3.83333333333333
"550" 19 303 76 15.9473684210526 4
"551" 18 313 81 17.3888888888889 4.5
"552" 24 312 90 13 3.75
"553" 22 315 79 14.3181818181818 3.59090909090909
"554" 17 310 73 18.2352941176471 4.29411764705882
"555" 17 322 74 18.9411764705882 4.35294117647059
"556" 24 311 73 12.9583333333333 3.04166666666667
"557" 24 303 63 12.625 2.625
"558" 25 301 63 12.04 2.52
"559" 24 286 80 11.9166666666667 3.33333333333333
"560" 23 325 105 14.1304347826087 4.56521739130435
"561" 21 361 77 17.1904761904762 3.66666666666667
"562" 25 360 77 14.4 3.08
"563" 25 361 72 14.44 2.88
"564" 22 361 68 16.4090909090909 3.09090909090909
"565" 21 367 74 17.4761904761905 3.52380952380952
"566" 21 356 65 16.952380952381 3.0952380952381
"567" 21 325 64 15.4761904761905 3.04761904761905
"568" 23 329 62 14.304347826087 2.69565217391304
"569" 27 366 75 13.5555555555556 2.77777777777778
"570" 26 364 65 14 2.5
"571" 33 364 72 11.030303030303 2.18181818181818
"572" 34 366 72 10.7647058823529 2.11764705882353
"573" 37 361 78 9.75675675675676 2.10810810810811
"574" 28 323 66 11.5357142857143 2.35714285714286
"575" 28 320 72 11.4285714285714 2.57142857142857
"576" 28 319 76 11.3928571428571 2.71428571428571
"577" 26 354 88 13.6153846153846 3.38461538461538
"578" 22 360 91 16.3636363636364 4.13636363636364
"579" 18 345 92 19.1666666666667 5.11111111111111
"580" 16 328 100 20.5 6.25
"581" 30 325 75 10.8333333333333 2.5
"582" 26 354 88 13.6153846153846 3.38461538461538
"583" 22 362 102 16.4545454545455 4.63636363636364
"584" 29 305 80 10.5172413793103 2.75862068965517
"585" 40 319 68 7.975 1.7
"586" 23 318 63 13.8260869565217 2.73913043478261
"587" 28 315 79 11.25 2.82142857142857
"588" 21 324 89 15.4285714285714 4.23809523809524
"589" 34 318 82 9.35294117647059 2.41176470588235
"590" 28 341 76 12.1785714285714 2.71428571428571
"591" 38 304 66 8 1.73684210526316
"592" 42 304 65 7.23809523809524 1.54761904761905
"593" 32 322 68 10.0625 2.125
"594" 36 303 73 8.41666666666667 2.02777777777778
"595" 40 315 67 7.875 1.675
"596" 33 293 65 8.87878787878788 1.96969696969697
"597" 31 327 71 10.5483870967742 2.29032258064516
"598" 42 283 73 6.73809523809524 1.73809523809524
"599" 36 342 91 9.5 2.52777777777778
"600" 34 321 73 9.44117647058824 2.14705882352941
"601" 28 364 68 13 2.42857142857143
"602" 25 326 80 13.04 3.2
"603" 18 370 97 20.5555555555556 5.38888888888889
"604" 24 343 59 14.2916666666667 2.45833333333333
"605" 25 325 67 13 2.68
"606" 34 357 89 10.5 2.61764705882353
"607" 23 329 69 14.304347826087 3
"608" 27 342 73 12.6666666666667 2.7037037037037
"609" 27 366 94 13.5555555555556 3.48148148148148
"610" 21 324 78 15.4285714285714 3.71428571428571
"611" 25 324 63 12.96 2.52
"612" 19 362 82 19.0526315789474 4.31578947368421
"613" 31 350 80 11.2903225806452 2.58064516129032
"614" 26 356 76 13.6923076923077 2.92307692307692
"615" 14 369 89 26.3571428571429 6.35714285714286
"616" 29 353 80 12.1724137931034 2.75862068965517
"617" 31 313 60 10.0967741935484 1.93548387096774
"618" 42 340 78 8.09523809523809 1.85714285714286
"619" 24 328 74 13.6666666666667 3.08333333333333
"620" 36 361 55 10.0277777777778 1.52777777777778
"621" 26 357 91 13.7307692307692 3.5
"622" 35 341 88 9.74285714285714 2.51428571428571
"623" 27 368 104 13.6296296296296 3.85185185185185
"624" 28 315 89 11.25 3.17857142857143
"625" 31 321 78 10.3548387096774 2.51612903225806
"626" 38 339 70 8.92105263157895 1.84210526315789
"627" 26 331 91 12.7307692307692 3.5
"628" 33 309 62 9.36363636363636 1.87878787878788
"629" 27 311 69 11.5185185185185 2.55555555555556
"630" 33 308 69 9.33333333333333 2.09090909090909
"631" 35 355 81 10.1428571428571 2.31428571428571
"632" 27 359 87 13.2962962962963 3.22222222222222
"633" 32 320 87 10 2.71875
"634" 37 339 74 9.16216216216216 2
"635" 30 341 70 11.3666666666667 2.33333333333333
"636" 38 338 74 8.89473684210526 1.94736842105263
"637" 40 352 83 8.8 2.075
"638" 39 332 85 8.51282051282051 2.17948717948718
"639" 25 356 74 14.24 2.96
"640" 37 337 62 9.10810810810811 1.67567567567568
"641" 17 325 71 19.1176470588235 4.17647058823529
"642" 30 320 65 10.6666666666667 2.16666666666667
"643" 31 320 70 10.3225806451613 2.25806451612903
"644" 26 357 86 13.7307692307692 3.30769230769231
"645" 18 322 72 17.8888888888889 4
"646" 36 348 61 9.66666666666667 1.69444444444444
"647" 27 331 83 12.2592592592593 3.07407407407407
"648" 21 322 71 15.3333333333333 3.38095238095238
"649" 24 355 83 14.7916666666667 3.45833333333333
"650" 28 327 82 11.6785714285714 2.92857142857143
"651" 22 357 89 16.2272727272727 4.04545454545455
"652" 15 333 72 22.2 4.8
"653" 28 352 72 12.5714285714286 2.57142857142857
"654" 26 315 69 12.1153846153846 2.65384615384615
"655" 23 342 54 14.8695652173913 2.34782608695652
"656" 20 329 75 16.45 3.75
"657" 21 326 81 15.5238095238095 3.85714285714286
"658" 30 323 53 10.7666666666667 1.76666666666667
"659" 23 320 79 13.9130434782609 3.43478260869565
"660" 22 326 59 14.8181818181818 2.68181818181818
"661" 26 355 81 13.6538461538462 3.11538461538462
"662" 31 352 76 11.3548387096774 2.45161290322581
"663" 37 295 68 7.97297297297297 1.83783783783784
"664" 38 330 69 8.68421052631579 1.81578947368421
"665" 32 349 79 10.90625 2.46875
"666" 30 342 97 11.4 3.23333333333333
"667" 37 347 84 9.37837837837838 2.27027027027027
"668" 31 314 66 10.1290322580645 2.12903225806452
"669" 37 358 62 9.67567567567568 1.67567567567568
"670" 30 354 79 11.8 2.63333333333333
"671" 26 316 72 12.1538461538462 2.76923076923077
"672" 22 328 76 14.9090909090909 3.45454545454545
"673" 31 369 83 11.9032258064516 2.67741935483871
"674" 25 357 80 14.28 3.2
"675" 33 343 66 10.3939393939394 2
"676" 31 315 70 10.1612903225806 2.25806451612903
"677" 39 350 84 8.97435897435897 2.15384615384615
"678" 28 315 63 11.25 2.25
"679" 33 361 82 10.9393939393939 2.48484848484848
"680" 14 210 62 15 4.42857142857143
"681" 27 359 98 13.2962962962963 3.62962962962963
"682" 18 373 86 20.7222222222222 4.77777777777778
"683" 23 353 82 15.3478260869565 3.56521739130435
"684" 27 350 89 12.962962962963 3.2962962962963
"685" 25 341 81 13.64 3.24
"686" 27 358 76 13.2592592592593 2.81481481481481
"687" 19 370 72 19.4736842105263 3.78947368421053
"688" 24 355 83 14.7916666666667 3.45833333333333
"689" 21 352 82 16.7619047619048 3.9047619047619
"690" 23 355 86 15.4347826086957 3.73913043478261
"691" 32 348 81 10.875 2.53125
"692" 34 327 71 9.61764705882353 2.08823529411765
"693" 24 339 68 14.125 2.83333333333333
"694" 26 352 77 13.5384615384615 2.96153846153846
"695" 25 352 67 14.08 2.68
"696" 26 306 57 11.7692307692308 2.19230769230769
"697" 29 315 61 10.8620689655172 2.10344827586207
"698" 28 309 54 11.0357142857143 1.92857142857143
"699" 27 304 73 11.2592592592593 2.7037037037037
"700" 18 297 99 16.5 5.5
"701" 26 300 84 11.5384615384615 3.23076923076923
"702" 32 348 87 10.875 2.71875
"703" 24 309 72 12.875 3
"704" 16 294 80 18.375 5
"705" 22 314 73 14.2727272727273 3.31818181818182
"706" 26 331 98 12.7307692307692 3.76923076923077
"707" 28 309 83 11.0357142857143 2.96428571428571
"708" 23 320 104 13.9130434782609 4.52173913043478
"709" 36 345 82 9.58333333333333 2.27777777777778
"710" 24 350 96 14.5833333333333 4
"711" 33 302 70 9.15151515151515 2.12121212121212
"712" 27 289 85 10.7037037037037 3.14814814814815
"713" 18 327 74 18.1666666666667 4.11111111111111
"714" 16 322 76 20.125 4.75
"715" 30 314 76 10.4666666666667 2.53333333333333
"716" 34 318 81 9.35294117647059 2.38235294117647
"717" 26 351 91 13.5 3.5
"718" 19 332 92 17.4736842105263 4.84210526315789
"719" 29 344 96 11.8620689655172 3.31034482758621
"720" 28 311 75 11.1071428571429 2.67857142857143
"721" 28 357 67 12.75 2.39285714285714
"722" 31 319 73 10.2903225806452 2.35483870967742
"723" 32 351 80 10.96875 2.5
"724" 25 344 94 13.76 3.76
"725" 34 308 69 9.05882352941176 2.02941176470588
"726" 28 322 68 11.5 2.42857142857143
"727" 33 348 86 10.5454545454545 2.60606060606061
"728" 38 302 71 7.94736842105263 1.86842105263158
"729" 34 270 61 7.94117647058824 1.79411764705882
"730" 34 312 70 9.17647058823529 2.05882352941176
"731" 40 345 68 8.625 1.7
"732" 30 318 65 10.6 2.16666666666667
"733" 29 353 93 12.1724137931034 3.20689655172414
"734" 46 291 60 6.32608695652174 1.30434782608696
"735" 36 303 61 8.41666666666667 1.69444444444444
"736" 30 308 70 10.2666666666667 2.33333333333333
"737" 37 310 62 8.37837837837838 1.67567567567568
"738" 38 353 87 9.28947368421053 2.28947368421053
"739" 32 313 80 9.78125 2.5
"740" 24 296 93 12.3333333333333 3.875
"741" 23 348 97 15.1304347826087 4.21739130434783
"742" 17 326 73 19.1764705882353 4.29411764705882
"743" 26 362 75 13.9230769230769 2.88461538461538
"744" 25 352 81 14.08 3.24
"745" 25 360 96 14.4 3.84
"746" 26 370 94 14.2307692307692 3.61538461538462
"747" 22 368 95 16.7272727272727 4.31818181818182
"748" 35 342 95 9.77142857142857 2.71428571428571
"749" 31 319 83 10.2903225806452 2.67741935483871
"750" 20 362 86 18.1 4.3
"751" 17 362 83 21.2941176470588 4.88235294117647
"752" 37 350 92 9.45945945945946 2.48648648648649
"753" 36 359 81 9.97222222222222 2.25
"754" 34 357 89 10.5 2.61764705882353
"755" 29 355 96 12.2413793103448 3.31034482758621
"756" 20 358 98 17.9 4.9
"757" 27 358 86 13.2592592592593 3.18518518518519
"758" 24 366 89 15.25 3.70833333333333
"759" 28 360 105 12.8571428571429 3.75
"760" 19 273 99 14.3684210526316 5.21052631578947
"761" 24 282 66 11.75 2.75
"762" 26 283 70 10.8846153846154 2.69230769230769
"763" 24 300 76 12.5 3.16666666666667
"764" 27 318 95 11.7777777777778 3.51851851851852
"765" 27 318 91 11.7777777777778 3.37037037037037
"766" 24 292 87 12.1666666666667 3.625
"767" 26 292 74 11.2307692307692 2.84615384615385
"768" 25 306 71 12.24 2.84
"769" 32 340 76 10.625 2.375
"770" 31 339 78 10.9354838709677 2.51612903225806
"771" 32 313 70 9.78125 2.1875
"772" 28 301 69 10.75 2.46428571428571
"773" 31 304 56 9.80645161290323 1.80645161290323
"774" 32 345 62 10.78125 1.9375
"775" 31 306 51 9.87096774193548 1.64516129032258
"776" 30 317 72 10.5666666666667 2.4
"777" 32 298 77 9.3125 2.40625
"778" 33 302 87 9.15151515151515 2.63636363636364
"779" 24 305 100 12.7083333333333 4.16666666666667
"780" 19 305 108 16.0526315789474 5.68421052631579
"781" 9 375 103 41.6666666666667 11.4444444444444
"782" 18 354 66 19.6666666666667 3.66666666666667
"783" 15 364 67 24.2666666666667 4.46666666666667
"784" 9 369 85 41 9.44444444444444
"785" 18 359 81 19.9444444444444 4.5
"786" 14 368 76 26.2857142857143 5.42857142857143
"787" 17 355 89 20.8823529411765 5.23529411764706
"788" 12 368 74 30.6666666666667 6.16666666666667
"789" 10 375 78 37.5 7.8
"790" 11 354 77 32.1818181818182 7
"791" 10 359 70 35.9 7
"792" 15 368 73 24.5333333333333 4.86666666666667
"793" 9 368 94 40.8888888888889 10.4444444444444
"794" 10 361 82 36.1 8.2
"795" 8 366 79 45.75 9.875
"796" 11 349 68 31.7272727272727 6.18181818181818
"797" 15 363 78 24.2 5.2
"798" 11 375 91 34.0909090909091 8.27272727272727
"799" 12 366 81 30.5 6.75
"800" 19 351 83 18.4736842105263 4.36842105263158
"801" 32 317 84 9.90625 2.625
"802" 31 305 76 9.83870967741935 2.45161290322581
"803" 39 351 98 9 2.51282051282051
"804" 42 345 92 8.21428571428571 2.19047619047619
"805" 44 313 77 7.11363636363636 1.75
"806" 39 318 79 8.15384615384615 2.02564102564103
"807" 38 353 82 9.28947368421053 2.15789473684211
"808" 40 322 74 8.05 1.85
"809" 50 303 80 6.06 1.6
"810" 53 297 91 5.60377358490566 1.71698113207547
"811" 54 328 93 6.07407407407407 1.72222222222222
"812" 46 290 72 6.30434782608696 1.56521739130435
"813" 40 299 65 7.475 1.625
"814" 43 313 70 7.27906976744186 1.62790697674419
"815" 42 333 79 7.92857142857143 1.88095238095238
"816" 37 307 76 8.2972972972973 2.05405405405405
"817" 37 292 65 7.89189189189189 1.75675675675676
"818" 32 291 53 9.09375 1.65625
"819" 23 245 61 10.6521739130435 2.65217391304348
"820" 14 257 93 18.3571428571429 6.64285714285714
"821" 19 353 98 18.5789473684211 5.15789473684211
"822" 17 368 94 21.6470588235294 5.52941176470588
"823" 18 323 64 17.9444444444444 3.55555555555556
"824" 20 360 74 18 3.7
"825" 19 359 77 18.8947368421053 4.05263157894737
"826" 18 313 66 17.3888888888889 3.66666666666667
"827" 23 369 77 16.0434782608696 3.34782608695652
"828" 20 323 83 16.15 4.15
"829" 20 310 82 15.5 4.1
"830" 24 366 83 15.25 3.45833333333333
"831" 31 367 77 11.8387096774194 2.48387096774194
"832" 32 348 83 10.875 2.59375
"833" 30 312 56 10.4 1.86666666666667
"834" 27 364 72 13.4814814814815 2.66666666666667
"835" 27 355 72 13.1481481481481 2.66666666666667
"836" 32 354 63 11.0625 1.96875
"837" 29 350 67 12.0689655172414 2.31034482758621
"838" 25 359 86 14.36 3.44
"839" 21 373 85 17.7619047619048 4.04761904761905
"840" 18 328 96 18.2222222222222 5.33333333333333
"841" 12 360 76 30 6.33333333333333
"842" 18 357 95 19.8333333333333 5.27777777777778
"843" 17 336 77 19.7647058823529 4.52941176470588
"844" 22 298 61 13.5454545454545 2.77272727272727
"845" 13 223 50 17.1538461538462 3.84615384615385
"846" 15 357 75 23.8 5
"847" 17 324 58 19.0588235294118 3.41176470588235
"848" 15 309 92 20.6 6.13333333333333
"849" 16 350 70 21.875 4.375
"850" 18 347 68 19.2777777777778 3.77777777777778
"851" 22 354 91 16.0909090909091 4.13636363636364
"852" 24 362 98 15.0833333333333 4.08333333333333
"853" 16 343 70 21.4375 4.375
"854" 37 338 71 9.13513513513514 1.91891891891892
"855" 21 327 67 15.5714285714286 3.19047619047619
"856" 32 321 72 10.03125 2.25
"857" 18 325 65 18.0555555555556 3.61111111111111
"858" 22 312 70 14.1818181818182 3.18181818181818
"859" 22 336 70 15.2727272727273 3.18181818181818
"860" 20 317 63 15.85 3.15
"861" 29 345 74 11.8965517241379 2.55172413793103
"862" 43 316 64 7.34883720930233 1.48837209302326
"863" 32 325 58 10.15625 1.8125
"864" 43 344 58 8 1.34883720930233
"865" 34 337 84 9.91176470588235 2.47058823529412
"866" 31 329 72 10.6129032258065 2.32258064516129
"867" 34 340 78 10 2.29411764705882
"868" 31 335 61 10.8064516129032 1.96774193548387
"869" 41 336 68 8.19512195121951 1.65853658536585
"870" 36 317 61 8.80555555555556 1.69444444444444
"871" 32 351 62 10.96875 1.9375
"872" 31 353 71 11.3870967741935 2.29032258064516
"873" 44 327 62 7.43181818181818 1.40909090909091
"874" 39 343 74 8.7948717948718 1.8974358974359
"875" 36 342 62 9.5 1.72222222222222
"876" 35 344 73 9.82857142857143 2.08571428571429
"877" 39 322 59 8.25641025641026 1.51282051282051
"878" 28 345 63 12.3214285714286 2.25
"879" 29 333 53 11.4827586206897 1.82758620689655
"880" 37 326 57 8.81081081081081 1.54054054054054
"881" 30 348 76 11.6 2.53333333333333
"882" 29 332 86 11.448275862069 2.96551724137931
"883" 34 363 97 10.6764705882353 2.85294117647059
"884" 31 362 84 11.6774193548387 2.70967741935484
"885" 26 372 85 14.3076923076923 3.26923076923077
"886" 27 326 74 12.0740740740741 2.74074074074074
"887" 31 327 70 10.5483870967742 2.25806451612903
"888" 27 366 79 13.5555555555556 2.92592592592593
"889" 27 374 81 13.8518518518519 3
"890" 27 377 80 13.962962962963 2.96296296296296
"891" 24 362 85 15.0833333333333 3.54166666666667
"892" 27 368 82 13.6296296296296 3.03703703703704
"893" 29 326 70 11.2413793103448 2.41379310344828
"894" 31 332 70 10.7096774193548 2.25806451612903
"895" 32 365 78 11.40625 2.4375
"896" 29 333 73 11.4827586206897 2.51724137931034
"897" 29 331 87 11.4137931034483 3
"898" 23 296 90 12.8695652173913 3.91304347826087
"899" 17 266 93 15.6470588235294 5.47058823529412
"900" 16 296 117 18.5 7.3125
"901" 21 312 79 14.8571428571429 3.76190476190476
"902" 19 330 71 17.3684210526316 3.73684210526316
"903" 25 316 77 12.64 3.08
"904" 25 318 63 12.72 2.52
"905" 19 331 89 17.4210526315789 4.68421052631579
"906" 15 316 75 21.0666666666667 5
"907" 19 356 97 18.7368421052632 5.10526315789474
"908" 14 317 93 22.6428571428571 6.64285714285714
"909" 22 311 75 14.1363636363636 3.40909090909091
"910" 23 356 102 15.4782608695652 4.43478260869565
"911" 25 321 83 12.84 3.32
"912" 31 307 67 9.90322580645161 2.16129032258065
"913" 30 311 66 10.3666666666667 2.2
"914" 36 319 75 8.86111111111111 2.08333333333333
"915" 21 326 94 15.5238095238095 4.47619047619048
"916" 23 322 82 14 3.56521739130435
"917" 25 315 61 12.6 2.44
"918" 29 290 62 10 2.13793103448276
"919" 26 302 59 11.6153846153846 2.26923076923077
"920" 29 320 82 11.0344827586207 2.82758620689655
"921" 26 311 58 11.9615384615385 2.23076923076923
"922" 22 318 52 14.4545454545455 2.36363636363636
"923" 23 322 53 14 2.30434782608696
"924" 29 317 63 10.9310344827586 2.17241379310345
"925" 35 348 72 9.94285714285714 2.05714285714286
"926" 30 352 71 11.7333333333333 2.36666666666667
"927" 29 322 58 11.1034482758621 2
"928" 25 311 54 12.44 2.16
"929" 29 339 56 11.6896551724138 1.93103448275862
"930" 25 317 61 12.68 2.44
"931" 25 303 62 12.12 2.48
"932" 26 333 81 12.8076923076923 3.11538461538462
"933" 29 348 80 12 2.75862068965517
"934" 24 325 73 13.5416666666667 3.04166666666667
"935" 24 314 68 13.0833333333333 2.83333333333333
"936" 23 319 69 13.8695652173913 3
"937" 26 349 78 13.4230769230769 3
"938" 23 321 86 13.9565217391304 3.73913043478261
"939" 22 313 91 14.2272727272727 4.13636363636364
"940" 19 303 111 15.9473684210526 5.84210526315789
"941" 33 282 66 8.54545454545454 2
"942" 40 295 67 7.375 1.675
"943" 36 312 82 8.66666666666667 2.27777777777778
"944" 38 280 74 7.36842105263158 1.94736842105263
"945" 34 315 69 9.26470588235294 2.02941176470588
"946" 37 354 68 9.56756756756757 1.83783783783784
"947" 43 364 73 8.46511627906977 1.69767441860465
"948" 40 311 76 7.775 1.9
"949" 37 269 69 7.27027027027027 1.86486486486486
"950" 40 277 74 6.925 1.85
"951" 37 272 85 7.35135135135135 2.2972972972973
"952" 44 321 91 7.29545454545455 2.06818181818182
"953" 46 314 87 6.82608695652174 1.89130434782609
"954" 40 306 74 7.65 1.85
"955" 40 301 77 7.525 1.925
"956" 47 289 91 6.14893617021277 1.93617021276596
"957" 37 299 88 8.08108108108108 2.37837837837838
"958" 29 306 79 10.551724137931 2.72413793103448
"959" 26 308 92 11.8461538461538 3.53846153846154
"960" 19 312 106 16.4210526315789 5.57894736842105
"961" 27 304 111 11.2592592592593 4.11111111111111
"962" 26 346 70 13.3076923076923 2.69230769230769
"963" 25 365 77 14.6 3.08
"964" 36 349 69 9.69444444444444 1.91666666666667
"965" 27 351 73 13 2.7037037037037
"966" 27 338 65 12.5185185185185 2.40740740740741
"967" 14 372 70 26.5714285714286 5
"968" 20 360 79 18 3.95
"969" 21 355 71 16.9047619047619 3.38095238095238
"970" 25 347 81 13.88 3.24
"971" 26 347 80 13.3461538461538 3.07692307692308
"972" 34 350 67 10.2941176470588 1.97058823529412
"973" 24 358 79 14.9166666666667 3.29166666666667
"974" 29 354 83 12.2068965517241 2.86206896551724
"975" 24 344 89 14.3333333333333 3.70833333333333
"976" 24 349 80 14.5416666666667 3.33333333333333
"977" 21 338 62 16.0952380952381 2.95238095238095
"978" 12 178 38 14.8333333333333 3.16666666666667
"979" 22 308 78 14 3.54545454545455
"980" 30 356 77 11.8666666666667 2.56666666666667
"981" 29 271 66 9.3448275862069 2.27586206896552
"982" 31 257 40 8.29032258064516 1.29032258064516
"983" 24 330 58 13.75 2.41666666666667
"984" 20 324 71 16.2 3.55
"985" 33 253 45 7.66666666666667 1.36363636363636
"986" 22 355 87 16.1363636363636 3.95454545454545
"987" 23 306 60 13.304347826087 2.60869565217391
"988" 29 283 56 9.75862068965517 1.93103448275862
"989" 17 321 90 18.8823529411765 5.29411764705882
"990" 33 352 80 10.6666666666667 2.42424242424242
"991" 26 320 64 12.3076923076923 2.46153846153846
"992" 27 255 50 9.44444444444444 1.85185185185185
"993" 24 249 42 10.375 1.75
"994" 29 315 72 10.8620689655172 2.48275862068966
"995" 21 310 85 14.7619047619048 4.04761904761905
"996" 31 351 66 11.3225806451613 2.12903225806452
"997" 18 319 58 17.7222222222222 3.22222222222222
"998" 32 336 66 10.5 2.0625
"999" 23 226 52 9.82608695652174 2.26086956521739
"1000" 35 297 46 8.48571428571429 1.31428571428571
"1001" 21 328 68 15.6190476190476 3.23809523809524
"1002" 20 332 70 16.6 3.5
"1003" 26 321 69 12.3461538461538 2.65384615384615
"1004" 28 321 59 11.4642857142857 2.10714285714286
"1005" 30 318 60 10.6 2
"1006" 23 320 61 13.9130434782609 2.65217391304348
"1007" 28 316 71 11.2857142857143 2.53571428571429
"1008" 28 344 69 12.2857142857143 2.46428571428571
"1009" 25 353 74 14.12 2.96
"1010" 23 328 67 14.2608695652174 2.91304347826087
"1011" 31 317 62 10.2258064516129 2
"1012" 30 306 60 10.2 2
"1013" 27 326 64 12.0740740740741 2.37037037037037
"1014" 32 334 70 10.4375 2.1875
"1015" 31 339 67 10.9354838709677 2.16129032258065
"1016" 35 347 74 9.91428571428571 2.11428571428571
"1017" 20 362 69 18.1 3.45
"1018" 27 306 59 11.3333333333333 2.18518518518519
"1019" 21 325 64 15.4761904761905 3.04761904761905
"1020" 27 354 84 13.1111111111111 3.11111111111111
"1021" 14 356 113 25.4285714285714 8.07142857142857
"1022" 32 360 102 11.25 3.1875
"1023" 34 304 83 8.94117647058824 2.44117647058824
"1024" 26 308 60 11.8461538461538 2.30769230769231
"1025" 24 326 65 13.5833333333333 2.70833333333333
"1026" 23 345 98 15 4.26086956521739
"1027" 20 294 77 14.7 3.85
"1028" 15 322 93 21.4666666666667 6.2
"1029" 34 347 75 10.2058823529412 2.20588235294118
"1030" 27 318 71 11.7777777777778 2.62962962962963
"1031" 25 312 85 12.48 3.4
"1032" 20 321 65 16.05 3.25
"1033" 29 346 73 11.9310344827586 2.51724137931034
"1034" 21 327 98 15.5714285714286 4.66666666666667
"1035" 27 307 73 11.3703703703704 2.7037037037037
"1036" 19 307 77 16.1578947368421 4.05263157894737
"1037" 24 310 66 12.9166666666667 2.75
"1038" 21 271 58 12.9047619047619 2.76190476190476
"1039" 21 350 84 16.6666666666667 4
"1040" 23 316 66 13.7391304347826 2.8695652173913
"1041" 14 286 80 20.4285714285714 5.71428571428571
"1042" 15 331 77 22.0666666666667 5.13333333333333
"1043" 19 333 78 17.5263157894737 4.10526315789474
"1044" 24 319 63 13.2916666666667 2.625
"1045" 25 318 77 12.72 3.08
"1046" 32 311 69 9.71875 2.15625
"1047" 19 324 95 17.0526315789474 5
"1048" 15 324 92 21.6 6.13333333333333
"1049" 28 318 86 11.3571428571429 3.07142857142857
"1050" 16 360 101 22.5 6.3125
"1051" 16 285 75 17.8125 4.6875
"1052" 21 329 64 15.6666666666667 3.04761904761905
"1053" 18 325 83 18.0555555555556 4.61111111111111
"1054" 18 317 74 17.6111111111111 4.11111111111111
"1055" 16 325 87 20.3125 5.4375
"1056" 29 319 81 11 2.79310344827586
"1057" 26 316 95 12.1538461538462 3.65384615384615
"1058" 40 313 56 7.825 1.4
"1059" 21 318 84 15.1428571428571 4
"1060" 27 305 69 11.2962962962963 2.55555555555556
"1061" 9 330 96 36.6666666666667 10.6666666666667
"1062" 21 350 86 16.6666666666667 4.09523809523809
"1063" 17 351 90 20.6470588235294 5.29411764705882
"1064" 23 317 73 13.7826086956522 3.17391304347826
"1065" 22 345 96 15.6818181818182 4.36363636363636
"1066" 25 316 80 12.64 3.2
"1067" 35 302 68 8.62857142857143 1.94285714285714
"1068" 19 342 81 18 4.26315789473684
"1069" 24 321 70 13.375 2.91666666666667
"1070" 32 350 77 10.9375 2.40625
"1071" 36 322 64 8.94444444444444 1.77777777777778
"1072" 30 303 64 10.1 2.13333333333333
"1073" 25 346 77 13.84 3.08
"1074" 19 359 98 18.8947368421053 5.15789473684211
"1075" 13 360 92 27.6923076923077 7.07692307692308
"1076" 27 312 70 11.5555555555556 2.59259259259259
"1077" 28 335 87 11.9642857142857 3.10714285714286
"1078" 21 330 77 15.7142857142857 3.66666666666667
"1079" 24 315 52 13.125 2.16666666666667
"1080" 19 305 64 16.0526315789474 3.36842105263158
"1081" 7 287 98 41 14
"1082" 17 339 105 19.9411764705882 6.17647058823529
"1083" 20 322 82 16.1 4.1
"1084" 22 359 80 16.3181818181818 3.63636363636364
"1085" 24 331 67 13.7916666666667 2.79166666666667
"1086" 21 325 84 15.4761904761905 4
"1087" 21 322 75 15.3333333333333 3.57142857142857
"1088" 29 308 67 10.6206896551724 2.31034482758621
"1089" 23 340 103 14.7826086956522 4.47826086956522
"1090" 23 330 82 14.3478260869565 3.56521739130435
"1091" 26 334 99 12.8461538461538 3.80769230769231
"1092" 24 315 67 13.125 2.79166666666667
"1093" 22 358 86 16.2727272727273 3.90909090909091
"1094" 19 338 93 17.7894736842105 4.89473684210526
"1095" 32 343 89 10.71875 2.78125
"1096" 21 319 70 15.1904761904762 3.33333333333333
"1097" 29 319 76 11 2.62068965517241
"1098" 29 318 74 10.9655172413793 2.55172413793103
"1099" 19 332 73 17.4736842105263 3.84210526315789
"1100" 26 367 70 14.1153846153846 2.69230769230769
"1101" 14 261 73 18.6428571428571 5.21428571428571
"1102" 25 319 84 12.76 3.36
"1103" 24 338 87 14.0833333333333 3.625
"1104" 20 329 66 16.45 3.3
"1105" 26 357 87 13.7307692307692 3.34615384615385
"1106" 20 358 77 17.9 3.85
"1107" 25 333 70 13.32 2.8
"1108" 33 318 77 9.63636363636364 2.33333333333333
"1109" 29 317 65 10.9310344827586 2.24137931034483
"1110" 48 308 74 6.41666666666667 1.54166666666667
"1111" 20 337 80 16.85 4
"1112" 28 318 75 11.3571428571429 2.67857142857143
"1113" 18 327 84 18.1666666666667 4.66666666666667
"1114" 24 317 84 13.2083333333333 3.5
"1115" 11 326 76 29.6363636363636 6.90909090909091
"1116" 24 313 77 13.0416666666667 3.20833333333333
"1117" 17 363 72 21.3529411764706 4.23529411764706
"1118" 20 361 78 18.05 3.9
"1119" 24 318 55 13.25 2.29166666666667
"1120" 20 327 72 16.35 3.6
"1121" 15 356 92 23.7333333333333 6.13333333333333
"1122" 20 345 73 17.25 3.65
"1123" 23 360 72 15.6521739130435 3.1304347826087
"1124" 20 345 68 17.25 3.4
"1125" 17 355 82 20.8823529411765 4.82352941176471
"1126" 15 355 62 23.6666666666667 4.13333333333333
"1127" 16 378 79 23.625 4.9375
"1128" 19 380 65 20 3.42105263157895
"1129" 17 367 67 21.5882352941176 3.94117647058824
"1130" 13 372 63 28.6153846153846 4.84615384615385
"1131" 21 343 69 16.3333333333333 3.28571428571429
"1132" 25 343 48 13.72 1.92
"1133" 15 372 87 24.8 5.8
"1134" 20 352 64 17.6 3.2
"1135" 12 362 97 30.1666666666667 8.08333333333333
"1136" 21 357 61 17 2.9047619047619
"1137" 14 365 75 26.0714285714286 5.35714285714286
"1138" 18 361 76 20.0555555555556 4.22222222222222
"1139" 28 348 59 12.4285714285714 2.10714285714286
"1140" 23 360 68 15.6521739130435 2.95652173913043
"1141" 20 326 75 16.3 3.75
"1142" 19 285 62 15 3.26315789473684
"1143" 21 319 68 15.1904761904762 3.23809523809524
"1144" 22 351 76 15.9545454545455 3.45454545454545
"1145" 31 346 66 11.1612903225806 2.12903225806452
"1146" 28 315 60 11.25 2.14285714285714
"1147" 28 316 58 11.2857142857143 2.07142857142857
"1148" 21 321 65 15.2857142857143 3.0952380952381
"1149" 22 348 73 15.8181818181818 3.31818181818182
"1150" 20 333 70 16.65 3.5
"1151" 19 326 65 17.1578947368421 3.42105263157895
"1152" 29 319 55 11 1.89655172413793
"1153" 29 351 55 12.1034482758621 1.89655172413793
"1154" 20 323 53 16.15 2.65
"1155" 26 299 48 11.5 1.84615384615385
"1156" 29 337 57 11.6206896551724 1.96551724137931
"1157" 29 338 63 11.6551724137931 2.17241379310345
"1158" 28 336 67 12 2.39285714285714
"1159" 22 249 70 11.3181818181818 3.18181818181818
"1160" 17 253 91 14.8823529411765 5.35294117647059
"1161" 21 353 85 16.8095238095238 4.04761904761905
"1162" 27 343 81 12.7037037037037 3
"1163" 26 365 82 14.0384615384615 3.15384615384615
"1164" 27 367 79 13.5925925925926 2.92592592592593
"1165" 10 332 89 33.2 8.9
"1166" 21 333 78 15.8571428571429 3.71428571428571
"1167" 13 320 87 24.6153846153846 6.69230769230769
"1168" 19 359 83 18.8947368421053 4.36842105263158
"1169" 25 348 94 13.92 3.76
"1170" 26 241 71 9.26923076923077 2.73076923076923
"1171" 13 356 96 27.3846153846154 7.38461538461539
"1172" 22 338 88 15.3636363636364 4
"1173" 20 324 84 16.2 4.2
"1174" 18 343 92 19.0555555555556 5.11111111111111
"1175" 11 287 67 26.0909090909091 6.09090909090909
"1176" 27 361 79 13.3703703703704 2.92592592592593
"1177" 27 324 64 12 2.37037037037037
"1178" 22 368 67 16.7272727272727 3.04545454545455
"1179" 24 366 75 15.25 3.125
"1180" 25 352 90 14.08 3.6
"1181" 36 354 69 9.83333333333333 1.91666666666667
"1182" 32 319 49 9.96875 1.53125
"1183" 24 317 70 13.2083333333333 2.91666666666667
"1184" 30 314 45 10.4666666666667 1.5
"1185" 36 354 51 9.83333333333333 1.41666666666667
"1186" 25 321 54 12.84 2.16
"1187" 38 341 53 8.97368421052632 1.39473684210526
"1188" 40 355 72 8.875 1.8
"1189" 37 313 61 8.45945945945946 1.64864864864865
"1190" 33 360 72 10.9090909090909 2.18181818181818
"1191" 30 316 63 10.5333333333333 2.1
"1192" 31 349 67 11.258064516129 2.16129032258065
"1193" 32 310 55 9.6875 1.71875
"1194" 35 317 61 9.05714285714286 1.74285714285714
"1195" 32 343 72 10.71875 2.25
"1196" 35 306 49 8.74285714285714 1.4
"1197" 33 326 44 9.87878787878788 1.33333333333333
"1198" 31 320 66 10.3225806451613 2.12903225806452
"1199" 31 341 60 11 1.93548387096774
"1200" 30 334 57 11.1333333333333 1.9
"1201" 19 358 87 18.8421052631579 4.57894736842105
"1202" 26 358 80 13.7692307692308 3.07692307692308
"1203" 17 322 89 18.9411764705882 5.23529411764706
"1204" 37 330 81 8.91891891891892 2.18918918918919
"1205" 30 322 61 10.7333333333333 2.03333333333333
"1206" 17 331 73 19.4705882352941 4.29411764705882
"1207" 19 360 84 18.9473684210526 4.42105263157895
"1208" 22 323 82 14.6818181818182 3.72727272727273
"1209" 26 309 66 11.8846153846154 2.53846153846154
"1210" 36 342 78 9.5 2.16666666666667
"1211" 33 347 83 10.5151515151515 2.51515151515152
"1212" 22 322 73 14.6363636363636 3.31818181818182
"1213" 25 328 68 13.12 2.72
"1214" 36 310 77 8.61111111111111 2.13888888888889
"1215" 39 323 64 8.28205128205128 1.64102564102564
"1216" 32 317 76 9.90625 2.375
"1217" 30 304 76 10.1333333333333 2.53333333333333
"1218" 26 351 63 13.5 2.42307692307692
"1219" 19 366 70 19.2631578947368 3.68421052631579
"1220" 20 303 89 15.15 4.45
"1221" 16 368 94 23 5.875
"1222" 15 368 76 24.5333333333333 5.06666666666667
"1223" 16 364 88 22.75 5.5
"1224" 24 351 67 14.625 2.79166666666667
"1225" 38 337 65 8.86842105263158 1.71052631578947
"1226" 25 364 79 14.56 3.16
"1227" 26 354 70 13.6153846153846 2.69230769230769
"1228" 30 326 76 10.8666666666667 2.53333333333333
"1229" 25 361 76 14.44 3.04
"1230" 16 329 61 20.5625 3.8125
"1231" 23 360 72 15.6521739130435 3.1304347826087
"1232" 23 362 64 15.7391304347826 2.78260869565217
"1233" 21 359 76 17.0952380952381 3.61904761904762
"1234" 28 347 62 12.3928571428571 2.21428571428571
"1235" 19 320 64 16.8421052631579 3.36842105263158
"1236" 22 360 77 16.3636363636364 3.5
"1237" 19 370 76 19.4736842105263 4
"1238" 33 356 96 10.7878787878788 2.90909090909091
"1239" 34 362 65 10.6470588235294 1.91176470588235
"1240" 31 355 71 11.4516129032258 2.29032258064516
"1241" 25 271 69 10.84 2.76
"1242" 30 361 73 12.0333333333333 2.43333333333333
"1243" 34 352 85 10.3529411764706 2.5
"1244" 29 343 79 11.8275862068966 2.72413793103448
"1245" 36 272 46 7.55555555555556 1.27777777777778
"1246" 32 350 65 10.9375 2.03125
"1247" 37 353 89 9.54054054054054 2.40540540540541
"1248" 38 350 77 9.21052631578947 2.02631578947368
"1249" 16 357 72 22.3125 4.5
"1250" 27 342 88 12.6666666666667 3.25925925925926
"1251" 38 339 78 8.92105263157895 2.05263157894737
"1252" 30 370 94 12.3333333333333 3.13333333333333
"1253" 42 353 80 8.40476190476191 1.9047619047619
"1254" 22 358 90 16.2727272727273 4.09090909090909
"1255" 32 340 69 10.625 2.15625
"1256" 33 349 80 10.5757575757576 2.42424242424242
"1257" 36 341 73 9.47222222222222 2.02777777777778
"1258" 28 361 60 12.8928571428571 2.14285714285714
"1259" 38 349 80 9.18421052631579 2.10526315789474
"1260" 41 334 60 8.14634146341463 1.46341463414634
"1261" 24 286 115 11.9166666666667 4.79166666666667
"1262" 20 357 87 17.85 4.35
"1263" 24 360 68 15 2.83333333333333
"1264" 21 366 75 17.4285714285714 3.57142857142857
"1265" 17 359 69 21.1176470588235 4.05882352941176
"1266" 21 359 66 17.0952380952381 3.14285714285714
"1267" 28 341 74 12.1785714285714 2.64285714285714
"1268" 23 350 72 15.2173913043478 3.1304347826087
"1269" 18 357 61 19.8333333333333 3.38888888888889
"1270" 22 365 83 16.5909090909091 3.77272727272727
"1271" 23 358 78 15.5652173913043 3.39130434782609
"1272" 25 349 62 13.96 2.48
"1273" 19 364 72 19.1578947368421 3.78947368421053
"1274" 26 342 70 13.1538461538462 2.69230769230769
"1275" 25 340 68 13.6 2.72
"1276" 25 361 70 14.44 2.8
"1277" 25 357 78 14.28 3.12
"1278" 21 361 72 17.1904761904762 3.42857142857143
"1279" 22 352 73 16 3.31818181818182
"1280" 20 351 71 17.55 3.55
"1281" 18 323 73 17.9444444444444 4.05555555555556
"1282" 22 350 74 15.9090909090909 3.36363636363636
"1283" 18 354 68 19.6666666666667 3.77777777777778
"1284" 27 344 65 12.7407407407407 2.40740740740741
"1285" 21 357 66 17 3.14285714285714
"1286" 23 356 81 15.4782608695652 3.52173913043478
"1287" 17 360 81 21.1764705882353 4.76470588235294
"1288" 19 356 80 18.7368421052632 4.21052631578947
"1289" 27 341 82 12.6296296296296 3.03703703703704
"1290" 23 351 88 15.2608695652174 3.82608695652174
"1291" 19 354 85 18.6315789473684 4.47368421052632
"1292" 23 360 80 15.6521739130435 3.47826086956522
"1293" 20 365 72 18.25 3.6
"1294" 17 369 83 21.7058823529412 4.88235294117647
"1295" 26 346 61 13.3076923076923 2.34615384615385
"1296" 22 349 76 15.8636363636364 3.45454545454545
"1297" 25 351 73 14.04 2.92
"1298" 27 343 81 12.7037037037037 3
"1299" 21 350 81 16.6666666666667 3.85714285714286
"1300" 31 340 59 10.9677419354839 1.90322580645161
"1301" 24 276 89 11.5 3.70833333333333
"1302" 28 347 82 12.3928571428571 2.92857142857143
"1303" 17 359 85 21.1176470588235 5
"1304" 25 343 68 13.72 2.72
"1305" 25 347 78 13.88 3.12
"1306" 22 352 77 16 3.5
"1307" 26 345 63 13.2692307692308 2.42307692307692
"1308" 18 358 77 19.8888888888889 4.27777777777778
"1309" 25 353 62 14.12 2.48
"1310" 27 336 70 12.4444444444444 2.59259259259259
"1311" 22 347 80 15.7727272727273 3.63636363636364
"1312" 26 342 89 13.1538461538462 3.42307692307692
"1313" 21 352 73 16.7619047619048 3.47619047619048
"1314" 27 346 66 12.8148148148148 2.44444444444444
"1315" 20 358 86 17.9 4.3
"1316" 28 336 65 12 2.32142857142857
"1317" 26 340 76 13.0769230769231 2.92307692307692
"1318" 18 362 72 20.1111111111111 4
"1319" 20 346 67 17.3 3.35
"1320" 24 341 75 14.2083333333333 3.125
"1321" 17 299 94 17.5882352941176 5.52941176470588
"1322" 22 363 65 16.5 2.95454545454545
"1323" 28 351 74 12.5357142857143 2.64285714285714
"1324" 20 367 96 18.35 4.8
"1325" 20 367 80 18.35 4
"1326" 26 363 80 13.9615384615385 3.07692307692308
"1327" 26 352 66 13.5384615384615 2.53846153846154
"1328" 17 368 87 21.6470588235294 5.11764705882353
"1329" 22 366 80 16.6363636363636 3.63636363636364
"1330" 31 334 74 10.7741935483871 2.38709677419355
"1331" 25 320 59 12.8 2.36
"1332" 22 368 80 16.7272727272727 3.63636363636364
"1333" 23 372 85 16.1739130434783 3.69565217391304
"1334" 13 365 102 28.0769230769231 7.84615384615385
"1335" 24 359 78 14.9583333333333 3.25
"1336" 20 369 66 18.45 3.3
"1337" 26 362 69 13.9230769230769 2.65384615384615
"1338" 16 374 101 23.375 6.3125
"1339" 29 355 65 12.2413793103448 2.24137931034483
"1340" 18 376 79 20.8888888888889 4.38888888888889
"1341" 17 264 77 15.5294117647059 4.52941176470588
"1342" 11 218 76 19.8181818181818 6.90909090909091
"1343" 8 242 54 30.25 6.75
"1344" 16 246 83 15.375 5.1875
"1345" 9 201 62 22.3333333333333 6.88888888888889
"1346" 17 216 63 12.7058823529412 3.70588235294118
"1347" 18 358 91 19.8888888888889 5.05555555555556
"1348" 15 355 74 23.6666666666667 4.93333333333333
"1349" 18 359 66 19.9444444444444 3.66666666666667
"1350" 20 360 80 18 4
"1351" 23 284 65 12.3478260869565 2.82608695652174
"1352" 16 323 95 20.1875 5.9375
"1353" 13 323 103 24.8461538461538 7.92307692307692
"1354" 18 362 90 20.1111111111111 5
"1355" 8 366 101 45.75 12.625
"1356" 13 370 125 28.4615384615385 9.61538461538461
"1357" 15 184 52 12.2666666666667 3.46666666666667
"1358" 30 346 84 11.5333333333333 2.8
"1359" 14 365 100 26.0714285714286 7.14285714285714
"1360" 10 342 79 34.2 7.9
"1361" 7 326 80 46.5714285714286 11.4285714285714
"1362" 13 356 85 27.3846153846154 6.53846153846154
"1363" 10 348 87 34.8 8.7
"1364" 12 358 73 29.8333333333333 6.08333333333333
"1365" 12 350 81 29.1666666666667 6.75
"1366" 14 357 99 25.5 7.07142857142857
"1367" 17 350 87 20.5882352941176 5.11764705882353
"1368" 12 360 89 30 7.41666666666667
"1369" 19 351 85 18.4736842105263 4.47368421052632
"1370" 21 339 74 16.1428571428571 3.52380952380952
"1371" 23 341 85 14.8260869565217 3.69565217391304
"1372" 14 349 76 24.9285714285714 5.42857142857143
"1373" 17 341 52 20.0588235294118 3.05882352941176
"1374" 22 347 74 15.7727272727273 3.36363636363636
"1375" 17 343 77 20.1764705882353 4.52941176470588
"1376" 22 323 81 14.6818181818182 3.68181818181818
"1377" 18 357 63 19.8333333333333 3.5
"1378" 18 341 94 18.9444444444444 5.22222222222222
"1379" 22 330 80 15 3.63636363636364
"1380" 29 312 55 10.7586206896552 1.89655172413793
"1381" 9 343 84 38.1111111111111 9.33333333333333
"1382" 12 366 88 30.5 7.33333333333333
"1383" 22 359 75 16.3181818181818 3.40909090909091
"1384" 25 357 72 14.28 2.88
"1385" 28 358 75 12.7857142857143 2.67857142857143
"1386" 16 364 67 22.75 4.1875
"1387" 9 365 79 40.5555555555556 8.77777777777778
"1388" 20 361 83 18.05 4.15
"1389" 24 341 70 14.2083333333333 2.91666666666667
"1390" 22 359 86 16.3181818181818 3.90909090909091
"1391" 10 357 83 35.7 8.3
"1392" 18 370 75 20.5555555555556 4.16666666666667
"1393" 25 354 78 14.16 3.12
"1394" 12 344 77 28.6666666666667 6.41666666666667
"1395" 21 347 81 16.5238095238095 3.85714285714286
"1396" 38 365 60 9.60526315789474 1.57894736842105
"1397" 23 376 70 16.3478260869565 3.04347826086957
"1398" 13 368 85 28.3076923076923 6.53846153846154
"1399" 14 362 79 25.8571428571429 5.64285714285714
"1400" 20 363 71 18.15 3.55
"1401" 12 362 86 30.1666666666667 7.16666666666667
"1402" 22 352 73 16 3.31818181818182
"1403" 16 353 88 22.0625 5.5
"1404" 15 355 92 23.6666666666667 6.13333333333333
"1405" 14 357 74 25.5 5.28571428571429
"1406" 15 351 85 23.4 5.66666666666667
"1407" 23 356 79 15.4782608695652 3.43478260869565
"1408" 21 361 79 17.1904761904762 3.76190476190476
"1409" 15 362 78 24.1333333333333 5.2
"1410" 31 335 62 10.8064516129032 2
"1411" 30 352 49 11.7333333333333 1.63333333333333
"1412" 14 360 78 25.7142857142857 5.57142857142857
"1413" 19 354 78 18.6315789473684 4.10526315789474
"1414" 15 352 77 23.4666666666667 5.13333333333333
"1415" 24 346 80 14.4166666666667 3.33333333333333
"1416" 17 359 89 21.1176470588235 5.23529411764706
"1417" 24 348 74 14.5 3.08333333333333
"1418" 16 351 62 21.9375 3.875
"1419" 26 351 76 13.5 2.92307692307692
"1420" 21 353 71 16.8095238095238 3.38095238095238
"1421" 12 330 73 27.5 6.08333333333333
"1422" 15 349 93 23.2666666666667 6.2
"1423" 15 361 96 24.0666666666667 6.4
"1424" 12 351 84 29.25 7
"1425" 22 355 90 16.1363636363636 4.09090909090909
"1426" 12 368 88 30.6666666666667 7.33333333333333
"1427" 24 348 73 14.5 3.04166666666667
"1428" 19 353 86 18.5789473684211 4.52631578947368
"1429" 26 354 86 13.6153846153846 3.30769230769231
"1430" 21 350 86 16.6666666666667 4.09523809523809
"1431" 21 355 93 16.9047619047619 4.42857142857143
"1432" 23 338 64 14.695652173913 2.78260869565217
"1433" 23 341 72 14.8260869565217 3.1304347826087
"1434" 22 343 72 15.5909090909091 3.27272727272727
"1435" 11 359 78 32.6363636363636 7.09090909090909
"1436" 12 343 91 28.5833333333333 7.58333333333333
"1437" 11 358 93 32.5454545454545 8.45454545454546
"1438" 18 349 81 19.3888888888889 4.5
"1439" 23 342 74 14.8695652173913 3.21739130434783
"1440" 16 353 75 22.0625 4.6875
"1441" 11 357 83 32.4545454545455 7.54545454545455
"1442" 16 357 68 22.3125 4.25
"1443" 15 357 86 23.8 5.73333333333333
"1444" 18 352 69 19.5555555555556 3.83333333333333
"1445" 20 356 82 17.8 4.1
"1446" 18 361 88 20.0555555555556 4.88888888888889
"1447" 13 362 71 27.8461538461538 5.46153846153846
"1448" 21 355 85 16.9047619047619 4.04761904761905
"1449" 17 358 78 21.0588235294118 4.58823529411765
"1450" 16 358 77 22.375 4.8125
"1451" 21 341 80 16.2380952380952 3.80952380952381
"1452" 21 355 82 16.9047619047619 3.9047619047619
"1453" 17 349 77 20.5294117647059 4.52941176470588
"1454" 16 367 78 22.9375 4.875
"1455" 14 363 79 25.9285714285714 5.64285714285714
"1456" 19 356 82 18.7368421052632 4.31578947368421
"1457" 13 363 71 27.9230769230769 5.46153846153846
"1458" 19 360 88 18.9473684210526 4.63157894736842
"1459" 15 357 74 23.8 4.93333333333333
"1460" 16 365 88 22.8125 5.5
"1461" 11 328 87 29.8181818181818 7.90909090909091
"1462" 17 347 76 20.4117647058824 4.47058823529412
"1463" 11 349 78 31.7272727272727 7.09090909090909
"1464" 10 350 83 35 8.3
"1465" 10 347 90 34.7 9
"1466" 12 342 79 28.5 6.58333333333333
"1467" 18 346 77 19.2222222222222 4.27777777777778
"1468" 13 350 90 26.9230769230769 6.92307692307692
"1469" 15 351 73 23.4 4.86666666666667
"1470" 12 364 82 30.3333333333333 6.83333333333333
"1471" 15 356 82 23.7333333333333 5.46666666666667
"1472" 12 363 84 30.25 7
"1473" 18 354 82 19.6666666666667 4.55555555555556
"1474" 12 353 77 29.4166666666667 6.41666666666667
"1475" 12 358 77 29.8333333333333 6.41666666666667
"1476" 9 360 85 40 9.44444444444444
"1477" 10 347 85 34.7 8.5
"1478" 18 344 77 19.1111111111111 4.27777777777778
"1479" 12 348 85 29 7.08333333333333
"1480" 25 336 85 13.44 3.4
"1481" 48 242 135 5.04166666666667 2.8125
"1482" 15 370 81 24.6666666666667 5.4
"1483" 14 368 80 26.2857142857143 5.71428571428571
"1484" 7 363 100 51.8571428571429 14.2857142857143
"1485" 19 384 92 20.2105263157895 4.84210526315789
"1486" 14 373 86 26.6428571428571 6.14285714285714
"1487" 21 362 70 17.2380952380952 3.33333333333333
"1488" 15 383 89 25.5333333333333 5.93333333333333
"1489" 16 379 91 23.6875 5.6875
"1490" 14 377 114 26.9285714285714 8.14285714285714
"1491" 21 373 78 17.7619047619048 3.71428571428571
"1492" 11 376 105 34.1818181818182 9.54545454545454
"1493" 16 357 101 22.3125 6.3125
"1494" 19 365 92 19.2105263157895 4.84210526315789
"1495" 19 386 90 20.3157894736842 4.73684210526316
"1496" 15 378 95 25.2 6.33333333333333
"1497" 18 368 107 20.4444444444444 5.94444444444444
"1498" 14 358 99 25.5714285714286 7.07142857142857
"1499" 17 358 100 21.0588235294118 5.88235294117647
"1500" 15 358 80 23.8666666666667 5.33333333333333
"1501" 1 197 96 197 96
"1502" 22 379 76 17.2272727272727 3.45454545454545
"1503" 20 358 83 17.9 4.15
"1504" 16 359 90 22.4375 5.625
"1505" 22 361 82 16.4090909090909 3.72727272727273
"1506" 20 368 84 18.4 4.2
"1507" 29 368 91 12.6896551724138 3.13793103448276
"1508" 18 367 97 20.3888888888889 5.38888888888889
"1509" 20 370 92 18.5 4.6
"1510" 28 361 81 12.8928571428571 2.89285714285714
"1511" 19 361 81 19 4.26315789473684
"1512" 17 352 79 20.7058823529412 4.64705882352941
"1513" 28 382 82 13.6428571428571 2.92857142857143
"1514" 14 370 93 26.4285714285714 6.64285714285714
"1515" 14 368 71 26.2857142857143 5.07142857142857
"1516" 22 366 95 16.6363636363636 4.31818181818182
"1517" 22 351 83 15.9545454545455 3.77272727272727
"1518" 20 363 76 18.15 3.8
"1519" 16 370 83 23.125 5.1875
"1520" 28 354 118 12.6428571428571 4.21428571428571
"1521" 71 212 85 2.98591549295775 1.19718309859155
"1522" 19 358 94 18.8421052631579 4.94736842105263
"1523" 22 375 82 17.0454545454545 3.72727272727273
"1524" 21 360 102 17.1428571428571 4.85714285714286
"1525" 29 354 99 12.2068965517241 3.41379310344828
"1526" 29 362 101 12.4827586206897 3.48275862068966
"1527" 30 351 94 11.7 3.13333333333333
"1528" 23 371 90 16.1304347826087 3.91304347826087
"1529" 25 364 101 14.56 4.04
"1530" 21 370 80 17.6190476190476 3.80952380952381
"1531" 20 365 96 18.25 4.8
"1532" 23 352 81 15.304347826087 3.52173913043478
"1533" 28 340 103 12.1428571428571 3.67857142857143
"1534" 25 343 98 13.72 3.92
"1535" 27 346 106 12.8148148148148 3.92592592592593
"1536" 25 368 102 14.72 4.08
"1537" 17 375 74 22.0588235294118 4.35294117647059
"1538" 22 360 95 16.3636363636364 4.31818181818182
"1539" 26 347 83 13.3461538461538 3.19230769230769
"1540" 19 350 81 18.4210526315789 4.26315789473684
"1541" 56 227 129 4.05357142857143 2.30357142857143
"1542" 21 333 89 15.8571428571429 4.23809523809524
"1543" 14 357 84 25.5 6
"1544" 17 346 72 20.3529411764706 4.23529411764706
"1545" 23 344 70 14.9565217391304 3.04347826086957
"1546" 27 321 92 11.8888888888889 3.40740740740741
"1547" 13 370 75 28.4615384615385 5.76923076923077
"1548" 18 342 71 19 3.94444444444444
"1549" 16 361 81 22.5625 5.0625
"1550" 23 342 78 14.8695652173913 3.39130434782609
"1551" 14 358 78 25.5714285714286 5.57142857142857
"1552" 26 351 78 13.5 3
"1553" 18 341 84 18.9444444444444 4.66666666666667
"1554" 23 340 66 14.7826086956522 2.8695652173913
"1555" 22 313 72 14.2272727272727 3.27272727272727
"1556" 20 341 61 17.05 3.05
"1557" 18 374 91 20.7777777777778 5.05555555555556
"1558" 18 367 90 20.3888888888889 5
"1559" 22 335 72 15.2272727272727 3.27272727272727
"1560" 19 342 77 18 4.05263157894737
"1561" 21 352 116 16.7619047619048 5.52380952380952
"1562" 24 368 129 15.3333333333333 5.375
"1563" 17 368 85 21.6470588235294 5
"1564" 16 376 66 23.5 4.125
"1565" 18 373 90 20.7222222222222 5
"1566" 22 374 79 17 3.59090909090909
"1567" 26 366 93 14.0769230769231 3.57692307692308
"1568" 24 372 74 15.5 3.08333333333333
"1569" 27 363 74 13.4444444444444 2.74074074074074
"1570" 28 362 87 12.9285714285714 3.10714285714286
"1571" 19 361 90 19 4.73684210526316
"1572" 21 363 109 17.2857142857143 5.19047619047619
"1573" 21 370 97 17.6190476190476 4.61904761904762
"1574" 12 369 88 30.75 7.33333333333333
"1575" 15 368 75 24.5333333333333 5
"1576" 14 371 91 26.5 6.5
"1577" 22 349 97 15.8636363636364 4.40909090909091
"1578" 11 373 94 33.9090909090909 8.54545454545454
"1579" 18 381 72 21.1666666666667 4
"1580" 19 384 92 20.2105263157895 4.84210526315789
"1581" 20 340 113 17 5.65
"1582" 21 359 93 17.0952380952381 4.42857142857143
"1583" 16 370 89 23.125 5.5625
"1584" 27 359 83 13.2962962962963 3.07407407407407
"1585" 13 372 85 28.6153846153846 6.53846153846154
"1586" 17 366 86 21.5294117647059 5.05882352941176
"1587" 22 372 97 16.9090909090909 4.40909090909091
"1588" 18 358 102 19.8888888888889 5.66666666666667
"1589" 25 375 104 15 4.16
"1590" 16 373 88 23.3125 5.5
"1591" 14 373 93 26.6428571428571 6.64285714285714
"1592" 21 368 85 17.5238095238095 4.04761904761905
"1593" 23 363 89 15.7826086956522 3.8695652173913
"1594" 22 358 102 16.2727272727273 4.63636363636364
"1595" 19 363 92 19.1052631578947 4.84210526315789
"1596" 13 373 83 28.6923076923077 6.38461538461539
"1597" 17 369 70 21.7058823529412 4.11764705882353
"1598" 17 355 108 20.8823529411765 6.35294117647059
"1599" 13 371 84 28.5384615384615 6.46153846153846
"1600" 16 378 80 23.625 5
"1601" 20 345 121 17.25 6.05
"1602" 22 370 97 16.8181818181818 4.40909090909091
"1603" 26 364 94 14 3.61538461538462
"1604" 33 371 114 11.2424242424242 3.45454545454545
"1605" 21 361 84 17.1904761904762 4
"1606" 19 366 97 19.2631578947368 5.10526315789474
"1607" 11 364 96 33.0909090909091 8.72727272727273
"1608" 25 382 86 15.28 3.44
"1609" 13 369 101 28.3846153846154 7.76923076923077
"1610" 18 369 93 20.5 5.16666666666667
"1611" 19 372 97 19.5789473684211 5.10526315789474
"1612" 19 368 114 19.3684210526316 6
"1613" 10 372 101 37.2 10.1
"1614" 23 369 87 16.0434782608696 3.78260869565217
"1615" 26 373 88 14.3461538461538 3.38461538461538
"1616" 17 364 82 21.4117647058824 4.82352941176471
"1617" 27 371 115 13.7407407407407 4.25925925925926
"1618" 21 366 101 17.4285714285714 4.80952380952381
"1619" 14 375 95 26.7857142857143 6.78571428571429
"1620" 25 369 101 14.76 4.04
"1621" 7 253 81 36.1428571428571 11.5714285714286
"1622" 10 378 91 37.8 9.1
"1623" 9 358 66 39.7777777777778 7.33333333333333
"1624" 14 373 78 26.6428571428571 5.57142857142857
"1625" 9 374 69 41.5555555555556 7.66666666666667
"1626" 7 333 57 47.5714285714286 8.14285714285714
"1627" 8 374 94 46.75 11.75
"1628" 11 365 79 33.1818181818182 7.18181818181818
"1629" 11 375 63 34.0909090909091 5.72727272727273
"1630" 13 379 53 29.1538461538462 4.07692307692308
"1631" 9 366 79 40.6666666666667 8.77777777777778
"1632" 10 373 73 37.3 7.3
"1633" 13 352 71 27.0769230769231 5.46153846153846
"1634" 13 346 78 26.6153846153846 6
"1635" 10 372 67 37.2 6.7
"1636" 12 367 73 30.5833333333333 6.08333333333333
"1637" 12 385 60 32.0833333333333 5
"1638" 11 374 79 34 7.18181818181818
"1639" 12 375 68 31.25 5.66666666666667
"1640" 10 376 69 37.6 6.9
"1641" 24 189 84 7.875 3.5
"1642" 36 348 84 9.66666666666667 2.33333333333333
"1643" 49 332 71 6.77551020408163 1.44897959183673
"1644" 31 327 84 10.5483870967742 2.70967741935484
"1645" 19 360 77 18.9473684210526 4.05263157894737
"1646" 32 349 98 10.90625 3.0625
"1647" 29 347 76 11.9655172413793 2.62068965517241
"1648" 35 364 70 10.4 2
"1649" 20 353 97 17.65 4.85
"1650" 24 356 81 14.8333333333333 3.375
"1651" 26 367 91 14.1153846153846 3.5
"1652" 24 365 91 15.2083333333333 3.79166666666667
"1653" 26 354 94 13.6153846153846 3.61538461538462
"1654" 12 366 87 30.5 7.25
"1655" 25 361 97 14.44 3.88
"1656" 29 364 87 12.551724137931 3
"1657" 26 358 92 13.7692307692308 3.53846153846154
"1658" 32 370 82 11.5625 2.5625
"1659" 20 358 94 17.9 4.7
"1660" 15 365 91 24.3333333333333 6.06666666666667
"1661" 12 315 70 26.25 5.83333333333333
"1662" 19 351 67 18.4736842105263 3.52631578947368
"1663" 12 371 86 30.9166666666667 7.16666666666667
"1664" 15 366 87 24.4 5.8
"1665" 37 360 71 9.72972972972973 1.91891891891892
"1666" 12 358 80 29.8333333333333 6.66666666666667
"1667" 20 358 63 17.9 3.15
"1668" 22 354 83 16.0909090909091 3.77272727272727
"1669" 22 356 66 16.1818181818182 3
"1670" 18 357 75 19.8333333333333 4.16666666666667
"1671" 23 358 69 15.5652173913043 3
"1672" 18 358 65 19.8888888888889 3.61111111111111
"1673" 13 364 75 28 5.76923076923077
"1674" 18 365 80 20.2777777777778 4.44444444444444
"1675" 13 367 77 28.2307692307692 5.92307692307692
"1676" 11 363 90 33 8.18181818181818
"1677" 14 364 83 26 5.92857142857143
"1678" 20 352 67 17.6 3.35
"1679" 27 366 71 13.5555555555556 2.62962962962963
"1680" 17 370 78 21.7647058823529 4.58823529411765
"1681" 13 334 69 25.6923076923077 5.30769230769231
"1682" 18 373 69 20.7222222222222 3.83333333333333
"1683" 12 371 71 30.9166666666667 5.91666666666667
"1684" 11 366 85 33.2727272727273 7.72727272727273
"1685" 18 374 69 20.7777777777778 3.83333333333333
"1686" 12 352 77 29.3333333333333 6.41666666666667
"1687" 15 380 77 25.3333333333333 5.13333333333333
"1688" 8 375 71 46.875 8.875
"1689" 18 371 73 20.6111111111111 4.05555555555556
"1690" 12 383 84 31.9166666666667 7
"1691" 17 359 70 21.1176470588235 4.11764705882353
"1692" 10 378 87 37.8 8.7
"1693" 13 373 63 28.6923076923077 4.84615384615385
"1694" 13 369 57 28.3846153846154 4.38461538461539
"1695" 15 373 74 24.8666666666667 4.93333333333333
"1696" 11 379 70 34.4545454545455 6.36363636363636
"1697" 12 361 70 30.0833333333333 5.83333333333333
"1698" 12 377 75 31.4166666666667 6.25
"1699" 18 369 77 20.5 4.27777777777778
"1700" 15 358 70 23.8666666666667 4.66666666666667
"1701" 12 369 82 30.75 6.83333333333333
"1702" 10 381 82 38.1 8.2
"1703" 14 377 77 26.9285714285714 5.5
"1704" 15 381 105 25.4 7
"1705" 13 371 72 28.5384615384615 5.53846153846154
"1706" 16 378 89 23.625 5.5625
"1707" 13 370 77 28.4615384615385 5.92307692307692
"1708" 14 370 87 26.4285714285714 6.21428571428571
"1709" 24 355 72 14.7916666666667 3
"1710" 18 371 68 20.6111111111111 3.77777777777778
"1711" 20 373 82 18.65 4.1
"1712" 18 372 69 20.6666666666667 3.83333333333333
"1713" 18 376 75 20.8888888888889 4.16666666666667
"1714" 18 387 69 21.5 3.83333333333333
"1715" 13 369 88 28.3846153846154 6.76923076923077
"1716" 14 384 90 27.4285714285714 6.42857142857143
"1717" 20 372 84 18.6 4.2
"1718" 11 376 65 34.1818181818182 5.90909090909091
"1719" 19 372 81 19.5789473684211 4.26315789473684
"1720" 21 338 93 16.0952380952381 4.42857142857143
"1721" 13 378 61 29.0769230769231 4.69230769230769
"1722" 16 368 76 23 4.75
"1723" 15 375 88 25 5.86666666666667
"1724" 11 380 65 34.5454545454545 5.90909090909091
"1725" 18 382 64 21.2222222222222 3.55555555555556
"1726" 16 368 59 23 3.6875
"1727" 11 372 69 33.8181818181818 6.27272727272727
"1728" 15 363 61 24.2 4.06666666666667
"1729" 15 370 63 24.6666666666667 4.2
"1730" 14 370 70 26.4285714285714 5
"1731" 24 383 71 15.9583333333333 2.95833333333333
"1732" 11 370 56 33.6363636363636 5.09090909090909
"1733" 13 376 83 28.9230769230769 6.38461538461539
"1734" 16 364 77 22.75 4.8125
"1735" 17 364 69 21.4117647058824 4.05882352941176
"1736" 12 374 66 31.1666666666667 5.5
"1737" 15 368 84 24.5333333333333 5.6
"1738" 22 370 58 16.8181818181818 2.63636363636364
"1739" 15 378 92 25.2 6.13333333333333
"1740" 10 363 74 36.3 7.4
"1741" 20 366 58 18.3 2.9
"1742" 22 378 65 17.1818181818182 2.95454545454545
"1743" 37 361 91 9.75675675675676 2.45945945945946
"1744" 12 330 68 27.5 5.66666666666667
"1745" 20 374 82 18.7 4.1
"1746" 20 360 84 18 4.2
"1747" 19 382 75 20.1052631578947 3.94736842105263
"1748" 15 369 72 24.6 4.8
"1749" 18 373 89 20.7222222222222 4.94444444444444
"1750" 24 373 78 15.5416666666667 3.25
"1751" 15 374 72 24.9333333333333 4.8
"1752" 23 361 82 15.695652173913 3.56521739130435
"1753" 24 363 71 15.125 2.95833333333333
"1754" 20 366 87 18.3 4.35
"1755" 16 383 58 23.9375 3.625
"1756" 17 363 64 21.3529411764706 3.76470588235294
"1757" 19 370 72 19.4736842105263 3.78947368421053
"1758" 17 368 74 21.6470588235294 4.35294117647059
"1759" 16 387 77 24.1875 4.8125
"1760" 16 374 75 23.375 4.6875
"1761" 12 258 63 21.5 5.25
"1762" 15 373 88 24.8666666666667 5.86666666666667
"1763" 19 364 78 19.1578947368421 4.10526315789474
"1764" 19 374 62 19.6842105263158 3.26315789473684
"1765" 16 370 56 23.125 3.5
"1766" 22 368 69 16.7272727272727 3.13636363636364
"1767" 30 371 73 12.3666666666667 2.43333333333333
"1768" 23 373 64 16.2173913043478 2.78260869565217
"1769" 24 378 74 15.75 3.08333333333333
"1770" 23 374 78 16.2608695652174 3.39130434782609
"1771" 24 366 74 15.25 3.08333333333333
"1772" 12 381 94 31.75 7.83333333333333
"1773" 28 377 75 13.4642857142857 2.67857142857143
"1774" 18 370 82 20.5555555555556 4.55555555555556
"1775" 21 385 78 18.3333333333333 3.71428571428571
"1776" 17 365 74 21.4705882352941 4.35294117647059
"1777" 19 380 61 20 3.21052631578947
"1778" 31 376 71 12.1290322580645 2.29032258064516
"1779" 21 365 73 17.3809523809524 3.47619047619048
"1780" 25 374 64 14.96 2.56
"1781" 28 314 140 11.2142857142857 5
"1782" 15 351 65 23.4 4.33333333333333
"1783" 19 345 59 18.1578947368421 3.10526315789474
"1784" 20 343 48 17.15 2.4
"1785" 16 355 61 22.1875 3.8125
"1786" 16 342 58 21.375 3.625
"1787" 27 327 53 12.1111111111111 1.96296296296296
"1788" 21 344 53 16.3809523809524 2.52380952380952
"1789" 18 352 64 19.5555555555556 3.55555555555556
"1790" 22 349 62 15.8636363636364 2.81818181818182
"1791" 17 339 64 19.9411764705882 3.76470588235294
"1792" 14 352 78 25.1428571428571 5.57142857142857
"1793" 14 347 77 24.7857142857143 5.5
"1794" 15 360 61 24 4.06666666666667
"1795" 12 359 63 29.9166666666667 5.25
"1796" 13 359 74 27.6153846153846 5.69230769230769
"1797" 16 350 71 21.875 4.4375
"1798" 12 358 68 29.8333333333333 5.66666666666667
"1799" 15 354 74 23.6 4.93333333333333
"1800" 15 345 60 23 4
"1801" 18 373 81 20.7222222222222 4.5
"1802" 15 378 96 25.2 6.4
"1803" 13 376 62 28.9230769230769 4.76923076923077
"1804" 14 376 60 26.8571428571429 4.28571428571429
"1805" 18 367 76 20.3888888888889 4.22222222222222
"1806" 14 374 65 26.7142857142857 4.64285714285714
"1807" 19 362 73 19.0526315789474 3.84210526315789
"1808" 18 370 64 20.5555555555556 3.55555555555556
"1809" 18 378 59 21 3.27777777777778
"1810" 20 354 60 17.7 3
"1811" 25 368 69 14.72 2.76
"1812" 17 374 67 22 3.94117647058824
"1813" 21 378 69 18 3.28571428571429
"1814" 20 363 95 18.15 4.75
"1815" 13 372 87 28.6153846153846 6.69230769230769
"1816" 17 372 59 21.8823529411765 3.47058823529412
"1817" 17 381 75 22.4117647058824 4.41176470588235
"1818" 23 374 95 16.2608695652174 4.1304347826087
"1819" 20 367 82 18.35 4.1
"1820" 13 376 76 28.9230769230769 5.84615384615385
"1821" 11 376 81 34.1818181818182 7.36363636363636
"1822" 21 385 73 18.3333333333333 3.47619047619048
"1823" 13 370 62 28.4615384615385 4.76923076923077
"1824" 21 378 64 18 3.04761904761905
"1825" 16 374 74 23.375 4.625
"1826" 19 373 58 19.6315789473684 3.05263157894737
"1827" 19 380 81 20 4.26315789473684
"1828" 15 362 74 24.1333333333333 4.93333333333333
"1829" 25 385 63 15.4 2.52
"1830" 19 375 87 19.7368421052632 4.57894736842105
"1831" 11 376 74 34.1818181818182 6.72727272727273
"1832" 17 372 79 21.8823529411765 4.64705882352941
"1833" 22 366 75 16.6363636363636 3.40909090909091
"1834" 10 365 77 36.5 7.7
"1835" 11 366 71 33.2727272727273 6.45454545454545
"1836" 15 375 74 25 4.93333333333333
"1837" 24 364 71 15.1666666666667 2.95833333333333
"1838" 17 370 82 21.7647058823529 4.82352941176471
"1839" 14 377 80 26.9285714285714 5.71428571428571
"1840" 17 377 70 22.1764705882353 4.11764705882353
"1841" 12 372 91 31 7.58333333333333
"1842" 19 367 87 19.3157894736842 4.57894736842105
"1843" 14 372 80 26.5714285714286 5.71428571428571
"1844" 20 372 73 18.6 3.65
"1845" 15 367 76 24.4666666666667 5.06666666666667
"1846" 16 364 78 22.75 4.875
"1847" 16 369 86 23.0625 5.375
"1848" 10 368 61 36.8 6.1
"1849" 15 372 75 24.8 5
"1850" 16 380 77 23.75 4.8125
"1851" 22 374 80 17 3.63636363636364
"1852" 21 362 78 17.2380952380952 3.71428571428571
"1853" 16 366 51 22.875 3.1875
"1854" 15 366 63 24.4 4.2
"1855" 21 377 65 17.952380952381 3.0952380952381
"1856" 16 363 57 22.6875 3.5625
"1857" 17 380 73 22.3529411764706 4.29411764705882
"1858" 11 375 80 34.0909090909091 7.27272727272727
"1859" 14 370 75 26.4285714285714 5.35714285714286
"1860" 18 364 74 20.2222222222222 4.11111111111111
"1861" 10 380 59 38 5.9
"1862" 15 375 68 25 4.53333333333333
"1863" 16 371 93 23.1875 5.8125
"1864" 18 368 57 20.4444444444444 3.16666666666667
"1865" 24 374 81 15.5833333333333 3.375
"1866" 26 376 91 14.4615384615385 3.5
"1867" 14 377 72 26.9285714285714 5.14285714285714
"1868" 17 379 72 22.2941176470588 4.23529411764706
"1869" 21 381 67 18.1428571428571 3.19047619047619
"1870" 19 367 72 19.3157894736842 3.78947368421053
"1871" 17 362 85 21.2941176470588 5
"1872" 14 378 82 27 5.85714285714286
"1873" 19 358 62 18.8421052631579 3.26315789473684
"1874" 17 373 43 21.9411764705882 2.52941176470588
"1875" 14 373 73 26.6428571428571 5.21428571428571
"1876" 18 373 71 20.7222222222222 3.94444444444444
"1877" 17 371 71 21.8235294117647 4.17647058823529
"1878" 15 369 69 24.6 4.6
"1879" 17 374 87 22 5.11764705882353
"1880" 24 368 81 15.3333333333333 3.375
"1881" 11 332 74 30.1818181818182 6.72727272727273
"1882" 24 373 73 15.5416666666667 3.04166666666667
"1883" 10 371 55 37.1 5.5
"1884" 15 365 73 24.3333333333333 4.86666666666667
"1885" 17 354 67 20.8235294117647 3.94117647058824
"1886" 25 379 73 15.16 2.92
"1887" 14 374 69 26.7142857142857 4.92857142857143
"1888" 18 365 72 20.2777777777778 4
"1889" 13 368 72 28.3076923076923 5.53846153846154
"1890" 18 378 66 21 3.66666666666667
"1891" 20 365 62 18.25 3.1
"1892" 23 369 72 16.0434782608696 3.1304347826087
"1893" 11 364 77 33.0909090909091 7
"1894" 21 358 77 17.047619047619 3.66666666666667
"1895" 17 352 69 20.7058823529412 4.05882352941176
"1896" 11 365 68 33.1818181818182 6.18181818181818
"1897" 17 367 84 21.5882352941176 4.94117647058824
"1898" 16 357 91 22.3125 5.6875
"1899" 14 365 68 26.0714285714286 4.85714285714286
"1900" 20 372 89 18.6 4.45
"1901" 25 366 91 14.64 3.64
"1902" 19 374 78 19.6842105263158 4.10526315789474
"1903" 24 357 79 14.875 3.29166666666667
"1904" 27 360 95 13.3333333333333 3.51851851851852
"1905" 18 369 89 20.5 4.94444444444444
"1906" 29 355 82 12.2413793103448 2.82758620689655
"1907" 22 374 80 17 3.63636363636364
"1908" 35 356 56 10.1714285714286 1.6
"1909" 32 369 73 11.53125 2.28125
"1910" 24 375 79 15.625 3.29166666666667
"1911" 19 364 84 19.1578947368421 4.42105263157895
"1912" 19 364 79 19.1578947368421 4.15789473684211
"1913" 32 360 74 11.25 2.3125
"1914" 27 363 78 13.4444444444444 2.88888888888889
"1915" 25 365 85 14.6 3.4
"1916" 20 371 82 18.55 4.1
"1917" 25 359 78 14.36 3.12
"1918" 27 359 58 13.2962962962963 2.14814814814815
"1919" 23 365 88 15.8695652173913 3.82608695652174
"1920" 21 367 69 17.4761904761905 3.28571428571429
"1921" 14 366 108 26.1428571428571 7.71428571428571
"1922" 22 339 70 15.4090909090909 3.18181818181818
"1923" 30 328 84 10.9333333333333 2.8
"1924" 25 330 88 13.2 3.52
"1925" 22 341 93 15.5 4.22727272727273
"1926" 23 346 75 15.0434782608696 3.26086956521739
"1927" 28 336 67 12 2.39285714285714
"1928" 27 332 81 12.2962962962963 3
"1929" 23 308 78 13.3913043478261 3.39130434782609
"1930" 31 325 65 10.4838709677419 2.09677419354839
"1931" 19 355 83 18.6842105263158 4.36842105263158
"1932" 24 339 80 14.125 3.33333333333333
"1933" 23 337 78 14.6521739130435 3.39130434782609
"1934" 23 337 73 14.6521739130435 3.17391304347826
"1935" 27 325 95 12.037037037037 3.51851851851852
"1936" 21 338 90 16.0952380952381 4.28571428571429
"1937" 13 357 90 27.4615384615385 6.92307692307692
"1938" 23 335 75 14.5652173913043 3.26086956521739
"1939" 29 350 76 12.0689655172414 2.62068965517241
"1940" 15 362 89 24.1333333333333 5.93333333333333
"1941" 15 361 91 24.0666666666667 6.06666666666667
"1942" 23 345 80 15 3.47826086956522
"1943" 22 362 67 16.4545454545455 3.04545454545455
"1944" 18 357 63 19.8333333333333 3.5
"1945" 21 369 77 17.5714285714286 3.66666666666667
"1946" 20 359 69 17.95 3.45
"1947" 25 355 64 14.2 2.56
"1948" 30 348 87 11.6 2.9
"1949" 21 358 79 17.047619047619 3.76190476190476
"1950" 33 347 83 10.5151515151515 2.51515151515152
"1951" 20 365 96 18.25 4.8
"1952" 19 359 86 18.8947368421053 4.52631578947368
"1953" 25 347 86 13.88 3.44
"1954" 19 350 77 18.4210526315789 4.05263157894737
"1955" 33 318 85 9.63636363636364 2.57575757575758
"1956" 23 348 93 15.1304347826087 4.04347826086957
"1957" 29 340 71 11.7241379310345 2.44827586206897
"1958" 29 335 79 11.551724137931 2.72413793103448
"1959" 25 350 86 14 3.44
"1960" 23 344 87 14.9565217391304 3.78260869565217
"1961" 12 353 86 29.4166666666667 7.16666666666667
"1962" 19 382 72 20.1052631578947 3.78947368421053
"1963" 15 374 70 24.9333333333333 4.66666666666667
"1964" 19 349 61 18.3684210526316 3.21052631578947
"1965" 15 376 81 25.0666666666667 5.4
"1966" 17 373 68 21.9411764705882 4
"1967" 23 364 57 15.8260869565217 2.47826086956522
"1968" 24 364 79 15.1666666666667 3.29166666666667
"1969" 14 374 84 26.7142857142857 6
"1970" 20 382 107 19.1 5.35
"1971" 13 363 81 27.9230769230769 6.23076923076923
"1972" 14 358 88 25.5714285714286 6.28571428571429
"1973" 19 374 53 19.6842105263158 2.78947368421053
"1974" 14 357 83 25.5 5.92857142857143
"1975" 11 361 67 32.8181818181818 6.09090909090909
"1976" 17 360 61 21.1764705882353 3.58823529411765
"1977" 17 369 73 21.7058823529412 4.29411764705882
"1978" 19 375 58 19.7368421052632 3.05263157894737
"1979" 11 360 55 32.7272727272727 5
"1980" 20 370 61 18.5 3.05
"1981" 2 209 115 104.5 57.5
"1982" 21 351 92 16.7142857142857 4.38095238095238
"1983" 15 360 106 24 7.06666666666667
"1984" 26 317 70 12.1923076923077 2.69230769230769
"1985" 12 363 105 30.25 8.75
"1986" 17 349 83 20.5294117647059 4.88235294117647
"1987" 17 347 72 20.4117647058824 4.23529411764706
"1988" 22 343 80 15.5909090909091 3.63636363636364
"1989" 16 339 91 21.1875 5.6875
"1990" 17 346 92 20.3529411764706 5.41176470588235
"1991" 21 317 77 15.0952380952381 3.66666666666667
"1992" 17 341 104 20.0588235294118 6.11764705882353
"1993" 12 356 92 29.6666666666667 7.66666666666667
"1994" 16 348 92 21.75 5.75
"1995" 13 354 102 27.2307692307692 7.84615384615385
"1996" 23 335 69 14.5652173913043 3
"1997" 28 333 80 11.8928571428571 2.85714285714286
"1998" 24 353 93 14.7083333333333 3.875
"1999" 24 331 76 13.7916666666667 3.16666666666667
"2000" 18 350 70 19.4444444444444 3.88888888888889
"2001" 79 303 181 3.83544303797468 2.29113924050633
"2002" 14 352 106 25.1428571428571 7.57142857142857
"2003" 21 357 92 17 4.38095238095238
"2004" 8 232 80 29 10
"2005" 15 363 87 24.2 5.8
"2006" 24 346 101 14.4166666666667 4.20833333333333
"2007" 28 362 117 12.9285714285714 4.17857142857143
"2008" 18 374 87 20.7777777777778 4.83333333333333
"2009" 12 361 93 30.0833333333333 7.75
"2010" 18 368 96 20.4444444444444 5.33333333333333
"2011" 21 359 96 17.0952380952381 4.57142857142857
"2012" 30 350 91 11.6666666666667 3.03333333333333
"2013" 22 348 87 15.8181818181818 3.95454545454545
"2014" 14 367 94 26.2142857142857 6.71428571428571
"2015" 23 365 91 15.8695652173913 3.95652173913043
"2016" 23 374 87 16.2608695652174 3.78260869565217
"2017" 16 367 86 22.9375 5.375
"2018" 23 385 75 16.7391304347826 3.26086956521739
"2019" 21 365 84 17.3809523809524 4
"2020" 19 363 86 19.1052631578947 4.52631578947368
"2021" 6 137 86 22.8333333333333 14.3333333333333
"2022" 22 338 96 15.3636363636364 4.36363636363636
"2023" 24 312 72 13 3
"2024" 27 348 95 12.8888888888889 3.51851851851852
"2025" 18 346 95 19.2222222222222 5.27777777777778
"2026" 17 317 79 18.6470588235294 4.64705882352941
"2027" 18 348 88 19.3333333333333 4.88888888888889
"2028" 20 319 90 15.95 4.5
"2029" 20 353 88 17.65 4.4
"2030" 25 341 88 13.64 3.52
"2031" 19 343 98 18.0526315789474 5.15789473684211
"2032" 21 342 85 16.2857142857143 4.04761904761905
"2033" 18 365 95 20.2777777777778 5.27777777777778
"2034" 17 355 84 20.8823529411765 4.94117647058824
"2035" 20 339 80 16.95 4
"2036" 13 350 87 26.9230769230769 6.69230769230769
"2037" 20 302 83 15.1 4.15
"2038" 17 317 73 18.6470588235294 4.29411764705882
"2039" 18 333 80 18.5 4.44444444444444
"2040" 15 352 96 23.4666666666667 6.4
"2041" 2 42 20 21 10
"2042" 14 357 85 25.5 6.07142857142857
"2043" 15 368 82 24.5333333333333 5.46666666666667
"2044" 20 355 79 17.75 3.95
"2045" 18 352 103 19.5555555555556 5.72222222222222
"2046" 24 343 87 14.2916666666667 3.625
"2047" 21 334 104 15.9047619047619 4.95238095238095
"2048" 9 358 97 39.7777777777778 10.7777777777778
"2049" 16 363 74 22.6875 4.625
"2050" 20 290 82 14.5 4.1
"2051" 10 359 99 35.9 9.9
"2052" 15 313 83 20.8666666666667 5.53333333333333
"2053" 20 349 67 17.45 3.35
"2054" 15 350 98 23.3333333333333 6.53333333333333
"2055" 11 310 84 28.1818181818182 7.63636363636364
"2056" 12 345 80 28.75 6.66666666666667
"2057" 10 349 88 34.9 8.8
"2058" 16 345 84 21.5625 5.25
"2059" 12 363 86 30.25 7.16666666666667
"2060" 15 357 95 23.8 6.33333333333333
"2061" 2 68 36 34 18
"2062" 22 333 86 15.1363636363636 3.90909090909091
"2063" 14 358 99 25.5714285714286 7.07142857142857
"2064" 14 346 79 24.7142857142857 5.64285714285714
"2065" 18 330 94 18.3333333333333 5.22222222222222
"2066" 21 310 93 14.7619047619048 4.42857142857143
"2067" 19 347 87 18.2631578947368 4.57894736842105
"2068" 19 347 94 18.2631578947368 4.94736842105263
"2069" 23 330 95 14.3478260869565 4.1304347826087
"2070" 12 347 79 28.9166666666667 6.58333333333333
"2071" 25 333 76 13.32 3.04
"2072" 24 348 72 14.5 3
"2073" 24 334 101 13.9166666666667 4.20833333333333
"2074" 16 362 86 22.625 5.375
"2075" 21 365 90 17.3809523809524 4.28571428571429
"2076" 28 330 89 11.7857142857143 3.17857142857143
"2077" 29 311 80 10.7241379310345 2.75862068965517
"2078" 18 341 90 18.9444444444444 5
"2079" 28 348 91 12.4285714285714 3.25
"2080" 20 341 84 17.05 4.2
"2081" 13 335 100 25.7692307692308 7.69230769230769
"2082" 26 339 96 13.0384615384615 3.69230769230769
"2083" 18 312 75 17.3333333333333 4.16666666666667
"2084" 29 321 68 11.0689655172414 2.3448275862069
"2085" 27 340 76 12.5925925925926 2.81481481481481
"2086" 29 320 73 11.0344827586207 2.51724137931034
"2087" 26 331 82 12.7307692307692 3.15384615384615
"2088" 26 333 74 12.8076923076923 2.84615384615385
"2089" 27 318 95 11.7777777777778 3.51851851851852
"2090" 16 346 88 21.625 5.5
"2091" 24 327 76 13.625 3.16666666666667
"2092" 29 323 85 11.1379310344828 2.93103448275862
"2093" 18 345 74 19.1666666666667 4.11111111111111
"2094" 29 333 95 11.4827586206897 3.27586206896552
"2095" 19 339 90 17.8421052631579 4.73684210526316
"2096" 20 333 78 16.65 3.9
"2097" 17 341 93 20.0588235294118 5.47058823529412
"2098" 24 331 92 13.7916666666667 3.83333333333333
"2099" 19 328 73 17.2631578947368 3.84210526315789
"2100" 14 336 73 24 5.21428571428571
