7247
6936
6688
6809
6882
6810
6754
6361
6788
6949
6845
7253
6369
5931
6159
6139
6221
6165
6158
6171
6214
6038
6141
6177
6104
6205
6226
6183
6970
6375
6882
6709
6630
6640
6795
6410
6403
6987
6146
7247
6159
6934
6576
6690
6802
6376
6465
6067
6749
6010
6577
6427
6356
6591
6586
6525
7156
6371
6760
6590
6606
7053
6825
7015
6999
6866
7130
6064
6859
7159
7050
6980
7129
6973
7258
7105
7003
6785
7343
7295
7340
7228
6933
7153
7355
7422
7416
7356
7322
6925
7413
7450
7382
7432
7273
7272
6766
6997
7318
6722
7041
6537
6582
6509
6611
